,timestamp,carts,catalogue,orders,payment,shipping,user,carts-db,catalogue-db,orders-db,rabbitmq,user-db
0,2020-07-12 08:33:54,177.5,185.00000000000006,219.99999999999997,81.25,78.33333333333337,219.1818181818182,227.25174825174827,392.79820179820183,0.0,0.0,0.0
1,2020-07-12 08:33:55,80.71428571428575,36.00000000000002,244.54545454545453,42.50000000000001,14.499999999999998,162.30769230769238,104.98,443.764,0.205,0.0,587.716
2,2020-07-12 08:33:56,52.857142857143025,19.622641509433965,414.28571428571433,81.25,4.875,219.7826086956522,36.37696850393701,527.8248031496063,0.0,0.0,0.0
3,2020-07-12 08:33:57,22.695652173913047,19.45,175.0,81.66666666666669,4.500000000000001,96.55172413793105,0.0,148.07215447154474,0.0,0.0,121.41463414634147
4,2020-07-12 08:33:58,23.973684210526322,25.749999999999993,205.00000000000003,4.500000000000001,4.8,92.67441860465115,83.78857715430861,650.0440881763527,0.0,39.44689378757515,0.0
5,2020-07-12 08:33:59,56.66666666666666,81.25000000000007,416.66666666666674,4.500000000000001,84.99999999999999,207.8125,0.0,410.57569913211194,0.0,0.0,0.0
6,2020-07-12 08:34:00,184.82758620689654,149.28571428571445,242.50000000000003,92.5,69.99999999999999,238.92857142857147,0.0,197.36269430051814,0.0,0.0,427.538860103627
7,2020-07-12 08:34:01,81.84210526315786,74.70588235294119,205.00000000000003,5.0,4.500000000000001,119.6153846153846,155.77360308285162,404.98169556840077,8.208092485549132,0.0,0.0
8,2020-07-12 08:34:02,43.749999999999986,32.49999999999999,224.99999999999997,86.25,4.500000000000001,173.69565217391306,0.0,589.5213319458898,0.0,0.0,53.201873048907395
9,2020-07-12 08:34:03,22.21428571428572,21.750000000000007,229.375,,,224.09090909090912,172.357,46.24,0.0,0.0,149.48
10,2020-07-12 08:34:04,92.02531645569621,217.27272727272728,235.00000000000003,4.500000000000001,4.500000000000001,247.56756756756755,135.95242290748897,189.92599118942732,0.0,0.0,0.0
11,2020-07-12 08:34:05,196.00000000000006,45.62500000000003,235.00000000000003,,23.500000000000025,230.90909090909093,92.86143187066975,0.0,0.23672055427251731,0.0,652.2875288683604
12,2020-07-12 08:34:06,191.62162162162164,91.33333333333336,428.1250000000001,4.500000000000001,75.00000000000001,229.60937500000003,77.95526838966202,209.84294234592446,0.0,0.0,0.0
13,2020-07-12 08:34:07,81.21621621621622,49.19999999999999,233.63636363636365,4.500000000000001,37.50000000000001,169.1071428571429,0.0,455.9889447236181,0.0,0.0,127.33668341708542
14,2020-07-12 08:34:08,35.961538461538474,88.63636363636365,224.6153846153846,97.77777777777777,4.909090909090909,86.75675675675676,67.93497536945813,382.5330049261084,0.0,29.351724137931036,0.0
15,2020-07-12 08:34:09,19.882352941176467,24.250000000000007,160.00000000000006,36.66666666666667,4.800000000000001,21.923076923076927,0.0,564.6680244399186,0.0,0.0,0.0
16,2020-07-12 08:34:10,39.50000000000002,39.10714285714287,152.49999999999997,47.999999999999986,75.99999999999999,24.87628865979382,0.0,454.39031620553357,0.0,0.0,372.19367588932806
17,2020-07-12 08:34:11,39.687500000000014,24.82,174.99999999999994,,,49.51219512195122,53.405460060667345,435.20020222446914,7.037411526794742,0.0,0.0
18,2020-07-12 08:34:12,23.74193548387097,82.77777777777779,152.50000000000009,4.500000000000001,4.500000000000001,44.23913043478263,0.0,403.058,0.0,0.0,43.124
19,2020-07-12 08:34:13,22.41911764705882,23.8,60.00000000000004,4.714285714285714,4.500000000000001,32.28260869565218,127.82782782782783,499.7177177177177,0.0,0.0,29.244244244244243
20,2020-07-12 08:34:14,33.636363636363654,21.390625000000004,228.1818181818182,57.50000000000001,39.166666666666686,41.07142857142856,238.8791208791209,567.86013986014,0.0,0.0,0.0
21,2020-07-12 08:34:15,36.81818181818183,78.33333333333334,82.50000000000001,4.5,4.68,42.49999999999999,24.358,378.274,0.205,0.0,644.197
22,2020-07-12 08:34:16,24.923728813559322,21.961538461538463,90.00000000000001,7.5,4.500000000000001,29.375000000000018,76.075,522.332,0.0,0.0,0.0
23,2020-07-12 08:34:17,24.384615384615387,30.192307692307704,160.00000000000006,4.500000000000001,66.66666666666667,37.28260869565218,0.0,298.4384384384385,0.0,0.0,203.36736736736736
24,2020-07-12 08:34:18,22.950000000000006,24.67391304347826,122.50000000000006,37.50000000000001,4.500000000000001,36.34615384615385,251.76,150.336,0.0,42.56,0.0
25,2020-07-12 08:34:19,23.619047619047628,22.857142857142875,202.0,4.500000000000001,66.66666666666671,24.092105263157894,0.0,541.7712287712288,0.0,0.0,0.0
26,2020-07-12 08:34:20,23.081967213114755,22.87857142857143,214.37499999999997,,,24.083333333333332,0.0,501.0851485148515,0.0,0.0,372.55940594059405
27,2020-07-12 08:34:21,40.108695652173935,25.0,180.00000000000006,41.66666666666667,80.0,24.8469387755102,25.424547283702214,450.1851106639839,9.657947686116701,0.0,0.0
28,2020-07-12 08:34:22,56.666666666666735,38.92857142857142,92.5,80.00000000000001,10.000000000000053,28.409090909090946,0.0,572.438190954774,0.0,0.0,167.2140703517588
29,2020-07-12 08:34:23,42.75000000000002,49.06250000000001,114.99999999999994,5.0,5.0,47.430555555555564,210.171,368.173,0.0,0.0,80.078
30,2020-07-12 08:34:24,43.529411764705884,21.815789473684216,84.0,8.75,14.999999999999995,24.618644067796613,220.9670658682635,480.10379241516966,0.0,0.0,0.0
31,2020-07-12 08:34:25,23.555555555555554,21.75454545454546,181.00000000000009,,,32.94117647058824,7.920159680638722,503.1057884231537,0.20459081836327345,0.0,746.3253493013972
32,2020-07-12 08:34:26,42.348484848484844,94.77272727272725,83.33333333333334,8.5,61.66666666666667,24.123076923076923,39.19519519519519,447.93193193193196,0.0,0.0,0.0
33,2020-07-12 08:34:27,24.55633802816901,23.54545454545455,49.72222222222222,4.500000000000001,4.781250000000001,35.00000000000004,0.0,468.8987975951904,0.0,0.0,200.45390781563128
34,2020-07-12 08:34:28,41.83823529411764,28.676470588235304,119.99999999999994,4.673076923076924,5.750000000000002,37.05882352941176,219.60379241516964,470.5828343313373,0.0,41.94411177644711,0.0
35,2020-07-12 08:34:29,68.5294117647059,38.29545454545454,229.99999999999997,9.25,67.5,86.00000000000004,0.0,584.0961923847696,0.0,0.0,0.0
36,2020-07-12 08:34:30,23.369565217391308,23.20422535211268,164.99999999999997,,,22.666666666666668,0.0,378.2663414634147,0.0,0.007804878048780489,254.67707317073172
37,2020-07-12 08:34:31,24.712765957446813,96.53846153846162,197.5,72.0,4.846153846153847,41.38888888888888,32.38274111675127,598.536040609137,9.50253807106599,0.0,0.0
38,2020-07-12 08:34:32,71.81818181818184,38.472222222222236,160.0000000000001,4.500000000000001,4.500000000000001,72.18749999999999,0.0,443.40927419354836,0.0,0.0,87.82661290322581
39,2020-07-12 08:34:33,25.17857142857148,42.01923076923077,81.25000000000001,4.687500000000001,4.500000000000001,40.56818181818181,167.3617443012884,402.25668979187316,0.0,0.0,84.9177403369673
40,2020-07-12 08:34:34,27.50000000000002,23.411764705882355,185.0,4.500000000000001,4.500000000000001,37.00000000000002,197.00567107750473,71.44801512287334,0.0,0.0,0.0
41,2020-07-12 08:34:35,170.00000000000009,42.833333333333336,,,,48.577586206896555,69.85908141962422,0.0,0.2139874739039666,0.0,840.0427974947809
42,2020-07-12 08:34:36,228.3076923076923,92.72727272727275,235.00000000000003,88.0,69.99999999999999,173.33333333333334,70.92386831275721,177.7880658436214,0.0,0.0,0.0
43,2020-07-12 08:34:37,89.76190476190476,40.93750000000001,,,,93.63636363636364,0.0,246.2907317073171,0.0,0.0,206.58536585365854
44,2020-07-12 08:34:38,217.14285714285714,165.29411764705884,466.25,54.99999999999999,9.125000000000002,202.33870967741942,131.7697031729785,347.90583418628455,0.0,34.3050153531218,0.0
45,2020-07-12 08:34:39,106.9999999999998,161.15384615384608,2050.0,,,87.14285714285717,0.0,461.63263263263264,0.0,0.0,0.0
46,2020-07-12 08:34:40,43.82812500000001,39.16666666666669,232.0,4.500000000000001,92.5,27.77777777777781,0.0,457.5856573705179,0.0,0.0,238.82669322709162
47,2020-07-12 08:34:41,83.66666666666667,22.548076923076927,233.69565217391303,88.63636363636364,74.99999999999999,49.250000000000014,64.7435129740519,412.51696606786425,7.305389221556886,0.0,0.0
48,2020-07-12 08:34:42,24.266666666666666,161.3636363636364,90.00000000000001,,,41.38888888888891,0.0,418.1830985915493,0.0,0.0,33.57746478873239
49,2020-07-12 08:34:43,23.585714285714285,88.68421052631584,205.00000000000003,4.500000000000001,17.5,24.16964285714286,189.737,526.787,0.0,0.0,121.902
50,2020-07-12 08:34:44,21.51162790697675,23.439189189189193,220.0,6.250000000000002,88.63636363636365,40.70312500000001,150.4217347956132,454.98105682951154,0.0,0.0,0.0
51,2020-07-12 08:34:45,68.68421052631581,74.50000000000001,180.00000000000003,4.500000000000001,4.821428571428572,34.166666666666686,31.128078817733993,0.0,0.2019704433497537,0.0,597.5487684729064
52,2020-07-12 08:34:46,32.916666666666664,23.880000000000003,47.5,,,28.541666666666675,84.71414038657171,490.7121057985758,0.0,0.0,0.0
53,2020-07-12 08:34:47,48.854166666666686,28.42105263157896,186.25000000000003,4.500000000000001,4.673076923076923,25.625000000000025,0.0,437.6603396603397,0.0,0.0,147.4865134865135
54,2020-07-12 08:34:48,48.69999999999998,23.710000000000004,219.99999999999997,4.875,4.875,67.5,175.9188376753507,428.2304609218437,0.0,39.18036072144289,0.0
55,2020-07-12 08:34:49,40.5,24.215909090909093,148.75000000000003,4.846153846153847,5.2500000000000036,63.40909090909093,0.0,476.757,0.0,0.0,0.0
56,2020-07-12 08:34:50,72.6923076923077,44.732142857142854,100.0,4.500000000000001,54.999999999999986,24.540816326530614,0.0,588.409,0.0,0.0,303.613
57,2020-07-12 08:34:51,39.60000000000001,21.158536585365855,82.49999999999999,4.500000000000001,4.500000000000001,40.000000000000014,46.481,460.496,9.48,0.0,0.0
58,2020-07-12 08:34:52,33.500000000000014,24.4375,227.94117647058826,14.500000000000009,22.450000000000006,47.39795918367347,0.0,384.5445445445445,0.0,0.0,154.47847847847848
59,2020-07-12 08:34:53,41.57142857142858,125.00000000000006,212.49999999999997,4.500000000000001,88.00000000000001,32.500000000000014,209.23852295409182,596.9650698602794,0.0,0.0,140.1806387225549
60,2020-07-12 08:34:54,41.40624999999999,47.89473684210527,200.0,71.0,8.38888888888889,48.40579710144929,144.2785433070866,382.02854330708664,0.0,0.0,0.0
61,2020-07-12 08:34:55,24.20833333333334,161.73076923076937,190.0,,,46.833333333333336,62.010172939979654,396.46998982706003,0.20854526958290948,0.0,854.4710071210579
62,2020-07-12 08:34:56,33.260869565217384,23.936363636363637,70.00000000000001,4.500000000000001,4.500000000000001,23.986486486486488,74.25365853658536,540.4604878048781,0.0,0.0,0.0
63,2020-07-12 08:34:57,39.224137931034484,32.380952380952394,200.0,30.833333333333343,40.833333333333336,28.7,0.0,425.77868852459017,0.0,0.0,107.63217213114754
64,2020-07-12 08:34:58,37.50000000000001,19.173076923076923,220.0,71.66666666666669,5.250000000000008,19.000000000000004,218.18444666001994,491.0229312063809,0.0,39.51545363908276,0.0
65,2020-07-12 08:34:59,42.88461538461538,34.42307692307695,93.57142857142861,4.687500000000001,4.500000000000001,22.410714285714292,0.0,441.58793969849245,0.0,0.0,0.0
66,2020-07-12 08:35:00,24.260000000000005,38.82812500000001,65.00000000000003,4.500000000000001,13.749999999999996,34.47916666666667,0.0,635.7622377622378,0.0,0.0,281.32667332667336
67,2020-07-12 08:35:01,38.88888888888889,39.35897435897437,84.99999999999999,,,28.43750000000003,33.116,445.918,9.54,0.0,0.0
68,2020-07-12 08:35:02,40.0,32.23684210526316,98.00000000000003,4.500000000000001,4.500000000000001,36.20967741935487,0.0,513.4772277227722,0.0,0.0,167.87326732673267
69,2020-07-12 08:35:03,49.051724137931046,18.47826086956522,235.00000000000003,4.500000000000001,71.6666666666667,20.76923076923077,292.19090909090914,375.7121212121212,0.0,0.0,25.930303030303033
70,2020-07-12 08:35:04,29.666666666666657,160.99999999999997,57.50000000000002,4.5,4.725,23.72222222222222,73.24537487828628,423.9659201557936,0.0,0.0,0.0
71,2020-07-12 08:35:05,60.71428571428576,41.973684210526315,150.0,4.750000000000001,5.25,34.37500000000003,73.22865853658537,265.3272357723577,0.20833333333333334,0.0,750.67581300813
72,2020-07-12 08:35:06,38.84615384615385,201.71875,74.99999999999999,,,57.77777777777777,111.44186046511628,300.60465116279073,0.0,0.0,0.0
73,2020-07-12 08:35:07,40.833333333333336,38.33333333333333,95.0,4.500000000000001,20.500000000000004,31.66666666666669,0.0,63.522954091816366,0.0,0.0,207.73852295409182
74,2020-07-12 08:35:08,150.625,229.10714285714286,94.16666666666667,,,86.94444444444446,183.3530591775326,0.0,0.0,39.75325977933801,0.0
75,2020-07-12 08:35:09,187.39130434782615,231.24999999999997,193.75000000000003,4.833333333333334,63.75,163.4090909090909,0.0,111.5940594059406,0.0,0.0,0.0
76,2020-07-12 08:35:10,188.20000000000005,230.34482758620692,232.85714285714283,90.00000000000001,5.0,45.44117647058823,0.0,169.02016129032256,0.0,0.0,366.4052419354839
77,2020-07-12 08:35:11,43.125,24.26829268292683,233.0,,,52.22222222222223,21.75275275275275,457.85985985985985,7.387387387387387,0.0,0.0
78,2020-07-12 08:35:12,83.07692307692307,21.390625000000004,171.25,43.75000000000001,37.50000000000001,45.972222222222214,0.0,437.4164164164164,0.0,0.0,99.95895895895896
79,2020-07-12 08:35:13,42.019230769230774,84.58333333333334,230.0,37.49999999999999,41.666666666666664,38.86363636363638,226.41375872382852,500.1066799601197,0.0,0.0,28.420737786640082
80,2020-07-12 08:35:14,45.394736842105274,158.75000000000006,193.75000000000003,4.86,4.909090909090909,41.89999999999999,91.40118577075098,509.3418972332016,0.0,0.0,0.0
81,2020-07-12 08:35:15,24.66666666666667,23.625000000000004,210.00000000000003,4.500000000000001,55.000000000000036,42.18750000000001,34.44263959390863,219.1005076142132,0.20812182741116753,0.0,702.584771573604
82,2020-07-12 08:35:16,89.66666666666664,32.812499999999986,95.00000000000007,4.500000000000001,80.0,21.83928571428572,67.0969030969031,721.1348651348652,0.0,0.0,0.0
83,2020-07-12 08:35:17,40.74074074074075,19.130434782608695,89.50000000000003,4.500000000000001,4.90909090909091,43.525641025641036,0.0,341.626,0.0,0.0,21.725
84,2020-07-12 08:35:18,27.941176470588278,21.69565217391305,75.00000000000001,4.500000000000001,4.973684210526317,22.79787234042553,187.7956349206349,607.5892857142857,0.0,34.56944444444444,0.0
85,2020-07-12 08:35:19,38.54166666666668,22.397959183673475,186.25000000000009,4.846153846153847,4.846153846153847,22.34615384615385,0.0,379.38943248532286,0.0,0.0,0.0
86,2020-07-12 08:35:20,60.75000000000004,74.1666666666667,85.00000000000001,12.000000000000016,4.500000000000001,72.41935483870971,0.0,295.4449715370019,0.0,0.0,357.68595825426945
87,2020-07-12 08:35:21,39.21052631578947,96.3953488372093,91.66666666666667,4.5,82.49999999999999,24.45454545454546,5.537037037037036,249.1644880174292,10.45751633986928,0.0,0.0
88,2020-07-12 08:35:22,23.833333333333336,24.872881355932208,206.66666666666666,55.00000000000002,10.0,32.76315789473684,0.0,227.04947668886774,0.0,0.0,157.8744053282588
89,2020-07-12 08:35:23,49.72222222222222,71.66666666666667,205.00000000000003,60.00000000000004,4.800000000000002,45.38461538461539,303.20802534318904,522.8574445617741,0.0,0.0,111.77613516367477
90,2020-07-12 08:35:24,35.599999999999994,48.81250000000001,170.00000000000003,4.500000000000001,83.33333333333334,77.8571428571429,154.204,464.32,0.0,0.0,0.0
91,2020-07-12 08:35:25,38.790322580645174,183.79310344827593,47.25,4.5,4.750000000000001,46.44230769230771,6.427572427572428,411.19480519480527,0.20479520479520483,0.0,870.892107892108
92,2020-07-12 08:35:26,78.3333333333333,22.78125000000001,235.00000000000003,4.500000000000001,4.500000000000001,49.375000000000014,47.84584584584585,549.988988988989,0.0,0.0,0.0
93,2020-07-12 08:35:27,42.38636363636364,23.557692307692314,95.71428571428572,4.500000000000001,4.500000000000001,34.40476190476191,0.0,534.7412790697674,0.0,0.0,3.9786821705426356
94,2020-07-12 08:35:28,24.040000000000006,39.37500000000006,180.0,,,58.846153846153896,278.7505154639175,413.71958762886595,0.0,42.50515463917526,0.0
95,2020-07-12 08:35:29,23.5952380952381,25.178571428571445,90.0,4.846153846153848,76.66666666666669,35.17857142857144,0.0,477.7264529058116,0.0,0.0,0.0
96,2020-07-12 08:35:30,41.015625,35.54347826086956,76.66666666666666,5.666666666666664,4.875,33.9473684210526,0.0,475.4670658682635,0.0,0.007984031936127744,333.1606786427146
97,2020-07-12 08:35:31,86.07142857142854,24.540816326530614,226.66666666666666,4.500000000000001,90.0,111.25000000000013,0.1988360814742968,510.41125121241515,8.671193016488846,0.0,0.0
98,2020-07-12 08:35:32,23.562500000000004,187.0,214.54545454545453,37.50000000000001,34.375,37.94871794871795,0.0,390.6966873706004,0.0,0.0,260.7857142857143
99,2020-07-12 08:35:33,38.30357142857144,32.69230769230769,90.83333333333334,42.49999999999999,4.500000000000001,30.833333333333332,334.32567432567436,564.7312687312689,0.0,0.0,104.20879120879123
100,2020-07-12 08:35:34,42.25000000000001,22.791666666666664,160.0,35.00000000000001,54.999999999999986,23.1625,121.06732495511667,375.81149012567323,0.0,0.0,0.0
101,2020-07-12 08:35:35,71.50000000000003,25.22727272727274,92.14285714285715,34.375,21.50000000000001,26.973684210526315,0.0,182.6271186440678,0.23163841807909605,0.0,782.4508474576271
102,2020-07-12 08:35:36,25.138888888888857,136.92307692307693,165.00000000000003,4.500000000000001,4.500000000000001,23.166666666666664,40.514365152919375,432.9972196478221,0.0,0.0,0.0
103,2020-07-12 08:35:37,34.10714285714286,29.999999999999993,221.25,37.50000000000001,47.50000000000001,31.973684210526336,0.0,490.12837108953613,0.0,0.0,73.36245954692556
104,2020-07-12 08:35:38,21.76923076923077,96.66666666666666,197.5,32.499999999999986,35.833333333333336,23.84615384615385,169.36923076923074,360.30961538461537,0.0,40.155769230769224,0.0
105,2020-07-12 08:35:39,41.07142857142858,141.24999999999997,144.99999999999994,80.0,77.5,21.7,0.0,339.7813807531381,0.0,0.0,0.0
106,2020-07-12 08:35:40,198.625,52.00000000000001,95.0,,,44.875,0.0,0.0,0.0,0.0,297.4264264264265
107,2020-07-12 08:35:41,81.94444444444444,148.00000000000006,230.0,54.999999999999986,77.5,84.99999999999999,2.129,177.181,8.1,0.0,0.0
108,2020-07-12 08:35:42,46.458333333333336,86.53846153846155,212.50000000000003,4.500000000000001,4.500000000000001,78.2258064516129,0.0,66.05405405405405,0.0,0.0,262.39239239239237
109,2020-07-12 08:35:43,152.50000000000003,177.72727272727275,95.0,89.28571428571429,4.500000000000001,43.23863636363637,285.006993006993,506.2427572427573,0.0,0.0,36.180819180819185
110,2020-07-12 08:35:44,21.89534883720931,23.27173913043479,125.0,42.50000000000002,4.875000000000001,23.766666666666666,165.188,446.335,0.0,0.0,0.0
111,2020-07-12 08:35:45,32.29166666666667,38.61111111111111,47.00000000000001,4.846153846153847,4.500000000000001,35.23809523809525,7.974,425.858,0.205,0.0,690.409
112,2020-07-12 08:35:46,67.00000000000001,99.16666666666664,47.5,,,74.75,76.1090373280943,450.016699410609,0.0,0.0,0.0
113,2020-07-12 08:35:47,61.5000000000001,186.6666666666667,182.5,66.25,5.749999999999996,104.16666666666669,0.0,349.15384615384613,0.0,0.0,14.283037475345166
114,2020-07-12 08:35:48,23.357142857142858,84.99999999999999,95.0,4.500000000000001,4.500000000000001,33.500000000000036,136.57069143446853,572.5789473684212,0.0,38.98039215686275,0.0
115,2020-07-12 08:35:49,24.669491525423727,36.400000000000006,96.0,,,37.87500000000001,0.0,358.24624624624624,0.0,0.0,0.0
116,2020-07-12 08:35:50,36.77083333333332,219.41176470588235,107.50000000000004,4.666666666666666,53.33333333333335,23.125,0.0,325.64705882352945,0.0,0.0,367.5072324011572
117,2020-07-12 08:35:51,41.875,200.5681818181818,227.5,4.500000000000001,88.0,48.54166666666669,3.519210799584631,0.0,9.221183800623054,0.0,0.0
118,2020-07-12 08:35:52,29.83333333333332,76.00000000000001,98.84615384615385,14.875000000000009,32.500000000000064,38.61111111111111,0.0,460.985985985986,0.0,0.0,147.02802802802802
119,2020-07-12 08:35:53,25.833333333333375,39.42307692307695,210.0,25.0,4.5,26.458333333333353,338.35029940119756,452.46506986027947,0.0,0.0,109.24051896207585
120,2020-07-12 08:35:54,33.625,30.972222222222225,205.00000000000006,9.250000000000005,48.125000000000014,44.25,135.073778664008,584.0588235294118,0.0,0.0,0.0
121,2020-07-12 08:35:55,47.70270270270271,24.33076923076923,84.99999999999999,4.500000000000001,4.500000000000001,41.05263157894738,18.23470411233701,387.67301905717153,0.205616850551655,0.0,859.3269809428284
122,2020-07-12 08:35:56,26.3636363636364,25.454545454545425,160.0,,,24.051020408163268,103.22222222222221,514.7287287287287,0.0,0.0,0.0
123,2020-07-12 08:35:57,31.61764705882353,39.73214285714286,165.99999999999997,4.500000000000001,70.00000000000001,74.06250000000001,0.0,457.611,0.0,0.0,36.92
124,2020-07-12 08:35:58,28.888888888888946,22.714285714285715,,33.125,4.666666666666666,69.80000000000003,113.59081836327346,523.1127744510978,0.0,36.634730538922156,0.0
125,2020-07-12 08:35:59,36.52777777777778,22.08823529411766,98.0,4.500000000000001,8.499999999999998,36.25,0.0,231.6122244488978,0.0,0.0,0.0
126,2020-07-12 08:36:00,194.34210526315792,49.375,222.0,88.75000000000001,55.000000000000036,43.92361111111111,0.0,748.1368631368632,0.0,0.0,291.22377622377627
127,2020-07-12 08:36:01,46.94444444444443,22.468750000000004,92.50000000000001,,,85.58823529411764,70.05505505505505,570.5775775775776,9.66966966966967,0.0,0.0
128,2020-07-12 08:36:02,23.670886075949365,38.478260869565226,93.75,17.5,45.83333333333333,28.281250000000025,0.0,492.08734052993134,0.0,0.0,64.54170755642788
129,2020-07-12 08:36:03,28.055555555555582,21.874999999999996,91.11111111111111,15.625000000000004,4.6875,51.78571428571429,326.5871559633028,434.1192660550459,0.0,0.0,154.29255861365954
130,2020-07-12 08:36:04,82.74999999999999,41.61764705882355,92.22222222222223,8.300000000000002,12.250000000000005,40.83333333333335,146.582,591.229,0.0,0.0,0.0
131,2020-07-12 08:36:05,31.92307692307694,23.357142857142854,196.42857142857144,,,23.26760563380282,36.607607607607605,295.994994994995,0.20520520520520522,0.0,849.2852852852853
132,2020-07-12 08:36:06,28.653846153846164,23.84615384615385,220.0,4.500000000000001,83.57142857142857,41.944444444444464,60.146,379.787,0.0,0.0,0.0
133,2020-07-12 08:36:07,39.91379310344829,44.583333333333336,91.00000000000001,4.500000000000001,4.500000000000001,34.99999999999999,0.0,370.517447657029,0.0,0.0,78.50947158524427
134,2020-07-12 08:36:08,24.479591836734695,22.794117647058822,90.45454545454547,30.833333333333336,4.928571428571429,39.68750000000001,133.66866866866866,539.8918918918919,0.0,42.33633633633634,0.0
135,2020-07-12 08:36:09,22.453947368421055,23.941176470588232,193.75000000000003,35.83333333333334,4.78125,137.14285714285717,0.0,508.5513459621137,0.0,0.0,0.0
136,2020-07-12 08:36:10,84.5,64.58333333333331,130.0000000000001,4.500000000000001,65.00000000000003,22.055555555555557,0.0,421.97297297297297,0.0,0.0,256.57657657657654
137,2020-07-12 08:36:11,111.66666666666659,74.44444444444446,159.99999999999997,,,76.5,33.277722277722276,62.92207792207793,8.511488511488512,0.0,0.0
138,2020-07-12 08:36:12,199.00000000000003,34.64285714285714,235.00000000000003,4.500000000000001,4.500000000000001,87.95454545454548,0.0,96.23123123123123,0.0,0.0,57.19219219219219
139,2020-07-12 08:36:13,41.56249999999999,46.388888888888886,,92.50000000000001,4.500000000000001,229.0909090909091,248.1590457256461,392.59642147117296,0.0,0.0,122.60834990059642
140,2020-07-12 08:36:14,99.73684210526318,158.3333333333333,433.33333333333337,,,229.20000000000002,245.24950298210734,498.9403578528827,0.0,0.0,0.0
141,2020-07-12 08:36:15,77.88461538461543,23.813186813186817,205.00000000000003,4.666666666666667,41.25000000000001,181.1363636363637,42.67943548387097,302.09576612903226,0.20665322580645162,0.0,779.6239919354839
142,2020-07-12 08:36:16,67.05882352941178,27.10526315789474,235.00000000000003,4.500000000000001,90.00000000000001,59.1666666666667,13.774647887323942,597.2273641851107,0.0,0.0,0.0
143,2020-07-12 08:36:17,223.38028169014083,72.40000000000002,225.5263157894737,38.92857142857143,43.125,86.64634146341466,0.0,0.0,0.0,0.0,134.4346116027532
144,2020-07-12 08:36:18,69.20000000000005,41.406249999999986,182.50000000000006,,,159.0625,63.76398779247203,546.7131230925737,0.0,32.74262461851475,0.0
145,2020-07-12 08:36:19,32.50000000000002,26.17647058823535,175.0,4.500000000000001,72.5,39.875000000000014,0.0,525.1566866267466,0.0,0.0,0.0
146,2020-07-12 08:36:20,38.10000000000001,26.25,73.33333333333336,26.25000000000004,4.846153846153847,25.227272727272737,0.0,355.48445336008024,0.0,0.0,240.629889669007
147,2020-07-12 08:36:21,48.4090909090909,36.973684210526315,216.25,4.500000000000001,82.50000000000001,32.85714285714287,48.4995024875622,690.6308457711443,7.82089552238806,0.0,0.0
148,2020-07-12 08:36:22,26.250000000000018,23.759999999999998,152.50000000000009,,85.00000000000001,45.5625,0.0,425.22233400402416,0.0,0.0,68.69114688128772
149,2020-07-12 08:36:23,76.38888888888891,163.6206896551724,229.37500000000003,87.91666666666667,4.666666666666667,50.588235294117645,242.45742574257426,402.70099009900986,0.0,0.0,42.168316831683164
150,2020-07-12 08:36:24,23.191176470588236,24.073529411764707,98.33333333333336,4.500000000000001,4.90909090909091,26.250000000000014,188.92828282828282,519.9888888888888,0.0,0.0,0.0
151,2020-07-12 08:36:25,24.133333333333333,23.395348837209298,212.49999999999997,41.00000000000001,35.0,24.46,75.02480158730158,428.22718253968253,0.20337301587301587,0.0,854.1428571428571
152,2020-07-12 08:36:26,24.316176470588236,24.44444444444445,97.50000000000001,4.500000000000001,4.95,22.923076923076927,45.12487708947886,494.95378564405115,0.0,0.0,0.0
153,2020-07-12 08:36:27,22.692307692307693,22.611111111111118,193.75000000000003,62.50000000000003,4.821428571428572,24.96938775510204,0.0,590.9693251533743,0.0,0.0,136.81390593047036
154,2020-07-12 08:36:28,24.777777777777786,26.40625000000001,218.125,44.77272727272727,7.7500000000000036,46.29032258064517,218.864,543.97,0.0,40.698,0.0
155,2020-07-12 08:36:29,95.75000000000001,24.625,224.28571428571428,4.500000000000001,88.33333333333333,22.870967741935484,0.0,421.6431411530815,0.0,0.0,0.0
156,2020-07-12 08:36:30,24.93023255813953,24.957142857142866,193.0,,,41.90476190476193,0.0,309.61871227364185,0.0,0.008048289738430582,365.9486921529175
157,2020-07-12 08:36:31,94.0,48.36538461538461,47.5,4.500000000000001,60.00000000000001,158.8000000000001,71.3817635270541,721.7855711422845,8.77755511022044,0.0,0.0
158,2020-07-12 08:36:32,76.36363636363636,123.68421052631598,215.71428571428575,4.500000000000001,84.00000000000001,30.937500000000007,0.0,212.14385614385617,0.0,0.0,91.00000000000001
159,2020-07-12 08:36:33,44.875000000000014,23.85526315789474,202.50000000000003,4.725,45.00000000000002,63.40909090909093,233.251,505.757,0.0,0.0,2.926
160,2020-07-12 08:36:34,48.55263157894739,41.447368421052644,93.12500000000001,4.500000000000001,90.00000000000001,30.769230769230774,155.1814556331007,562.0179461615155,0.0,0.0,0.0
161,2020-07-12 08:36:35,75.74074074074076,68.95833333333333,114.99999999999994,4.500000000000001,16.000000000000007,25.76923076923078,88.603,204.977,0.205,0.0,1046.644
162,2020-07-12 08:36:36,32.18749999999998,35.100000000000016,47.00000000000001,4.500000000000001,9.000000000000005,74.0909090909091,47.626506024096386,477.968875502008,0.0,0.0,0.0
163,2020-07-12 08:36:37,49.558823529411775,94.73684210526316,223.33333333333331,30.000000000000007,43.333333333333336,55.714285714285694,0.0,401.074,0.0,0.0,99.206
164,2020-07-12 08:36:38,44.32432432432433,136.17647058823536,85.625,,,49.300000000000004,116.28543111992073,482.01189296333007,0.0,42.180376610505455,0.0
165,2020-07-12 08:36:39,145.74999999999997,64.16666666666676,152.49999999999994,13.000000000000009,4.695652173913045,44.70930232558141,0.0,498.89303733602424,0.0,0.0,0.0
166,2020-07-12 08:36:40,88.28125,34.65909090909091,145.0000000000001,4.800000000000002,60.00000000000004,48.54838709677421,0.0,409.8498498498498,0.0,0.0,253.92192192192192
167,2020-07-12 08:36:41,76.00000000000001,38.18181818181818,95.76923076923079,4.695652173913044,22.000000000000014,53.12500000000001,45.271,542.652,9.18,0.0,0.0
168,2020-07-12 08:36:42,35.555555555555564,47.29166666666668,47.5,4.500000000000001,4.500000000000001,23.545454545454547,0.0,285.0779220779221,0.0,0.0,59.09890109890111
169,2020-07-12 08:36:43,,,,,,,235.5764235764236,43.129870129870135,0.0,0.0,9.48851148851149
170,2020-07-12 08:36:44,116.15384615384603,91.875,227.49999999999997,4.500000000000001,4.500000000000001,70.57692307692307,107.86773547094188,74.3316633266533,0.0,0.0,0.0
171,2020-07-12 08:36:45,145.75000000000009,150.52631578947373,211.00000000000003,78.33333333333336,89.50000000000003,94.42857142857143,56.117,291.902,0.205,0.0,820.337
172,2020-07-12 08:36:46,46.11111111111112,45.217391304347856,46.66666666666667,4.781250000000001,4.781250000000001,38.437500000000014,22.773453093812375,389.34530938123754,0.0,0.0,0.0
173,2020-07-12 08:36:47,41.911764705882355,40.52325581395349,231.8421052631579,,,44.285714285714306,0.0,356.14157527417746,0.0,0.0,108.15353938185446
174,2020-07-12 08:36:48,28.08823529411764,20.10869565217391,218.125,30.83333333333334,7.833333333333335,46.42857142857142,154.64558232931725,486.24598393574297,0.0,30.97991967871486,0.0
175,2020-07-12 08:36:49,22.521739130434785,22.28448275862069,235.00000000000003,32.50000000000002,57.50000000000002,42.6875,0.0,632.0,0.0,0.0,0.0
176,2020-07-12 08:36:50,96.94444444444447,43.26388888888889,230.26315789473685,25.833333333333346,31.875000000000014,47.32758620689656,0.0,552.179,0.0,0.0,300.596
177,2020-07-12 08:36:51,22.204545454545457,85.55555555555559,91.25000000000001,4.95,4.500000000000001,21.72222222222222,56.1064039408867,387.06009852216755,7.862068965517242,0.0,0.0
178,2020-07-12 08:36:52,44.27777777777779,24.493506493506498,135.0,,,53.99999999999997,0.0,533.838056680162,0.0,0.0,53.117408906882595
179,2020-07-12 08:36:53,26.87499999999997,24.25,186.25,4.6607142857142865,4.982142857142858,41.693548387096804,348.5285857572718,432.9147442326981,0.0,0.0,28.168505516549647
180,2020-07-12 08:36:54,56.1538461538462,38.437499999999986,425.00000000000006,9.749999999999998,4.500000000000001,21.91176470588235,171.37250996015936,596.1264940239045,0.0,0.0,0.0
181,2020-07-12 08:36:55,133.21428571428567,27.25,194.28571428571428,41.87500000000002,6.6666666666666705,70.14705882352939,28.495983935742974,131.21887550200805,0.20582329317269077,0.0,818.2299196787149
182,2020-07-12 08:36:56,27.656249999999996,176.50000000000006,47.5,4.5,17.499999999999996,30.882352941176475,0.0,542.0535019455253,0.0,0.0,0.0
183,2020-07-12 08:36:57,46.07142857142857,42.08333333333332,95.00000000000001,,,43.269230769230795,0.0,570.0288362512873,0.0,0.0,136.76004119464469
184,2020-07-12 08:36:58,60.00000000000006,39.28571428571431,178.00000000000006,25.0,4.6607142857142865,48.999999999999986,131.5688622754491,143.92714570858283,0.0,42.4750499001996,0.0
185,2020-07-12 08:36:59,44.01515151515151,39.70588235294119,220.00000000000003,4.500000000000001,46.07142857142858,87.85714285714292,0.0,406.5274725274726,0.0,0.0,0.0
186,2020-07-12 08:37:00,26.944444444444457,34.285714285714285,212.50000000000003,80.0,7.333333333333332,64.37499999999999,0.0,561.4319761668322,0.0,0.0,449.3356504468719
187,2020-07-12 08:37:01,64.99999999999999,42.68518518518519,225.76923076923077,49.000000000000014,7.6666666666666705,48.31730769230769,11.13407258064516,554.8699596774194,9.254032258064518,0.0,0.0
188,2020-07-12 08:37:02,96.55172413793105,128.75000000000006,100.0,,,48.645833333333336,0.0,501.4861386138614,0.0,0.0,18.314851485148516
189,2020-07-12 08:37:03,108.75000000000007,78.85714285714288,159.99999999999994,57.500000000000036,4.500000000000001,69.48275862068967,396.74924471299096,432.6062437059416,0.0,0.0,75.99496475327291
190,2020-07-12 08:37:04,90.00000000000003,23.5,,48.50000000000001,4.928571428571429,41.111111111111114,140.70178926441352,526.8836978131212,0.0,0.0,0.0
191,2020-07-12 08:37:05,29.687499999999993,60.50000000000001,93.00000000000001,55.00000000000005,4.500000000000001,44.87179487179488,42.99596367305752,503.40968718466195,0.20686175580222,0.0,833.8587285570131
192,2020-07-12 08:37:06,39.565217391304344,36.15384615384615,181.0,4.500000000000001,78.00000000000001,44.76190476190477,29.748285994123414,429.91968658178257,0.0,0.0,0.0
193,2020-07-12 08:37:07,27.916666666666675,47.34375,94.44444444444446,,,32.50000000000001,0.0,485.30552763819094,0.0,0.0,117.38793969849247
194,2020-07-12 08:37:08,30.89285714285716,43.16176470588235,226.6666666666667,4.764705882352942,4.764705882352942,42.50000000000001,153.1881371640408,265.6913809082484,0.0,39.44392956441149,0.0
195,2020-07-12 08:37:09,67.61904761904762,28.392857142857135,350.00000000000006,81.6666666666667,9.857142857142858,77.6315789473684,0.0,310.62243797195254,0.0,0.0,0.0
196,2020-07-12 08:37:10,30.208333333333325,53.49999999999999,214.00000000000003,,,33.33333333333334,0.0,427.17237903225805,0.0,0.0,304.59879032258067
197,2020-07-12 08:37:11,38.400000000000006,78.86363636363636,187.0,73.75000000000001,65.0,42.38095238095241,52.90175097276265,371.05836575875486,8.57976653696498,0.0,0.0
198,2020-07-12 08:37:12,30.000000000000014,23.372881355932197,90.00000000000001,4.75,4.5,34.99999999999999,0.0,168.00625,0.0,0.0,150.78645833333334
199,2020-07-12 08:37:13,28.055555555555557,21.31818181818182,,36.87500000000001,73.75000000000001,40.52083333333334,303.00099800399204,383.314371257485,0.0,0.0,6.558882235528942
200,2020-07-12 08:37:14,196.00000000000003,84.61538461538461,216.25000000000003,,,42.5,191.29873908826383,255.56644034917556,0.0,0.0,0.0
201,2020-07-12 08:37:15,48.65384615384616,89.37500000000001,210.00000000000003,70.0,9.666666666666668,64.68750000000004,1.3845401174168297,32.43639921722113,0.20058708414872797,0.0,948.7181996086106
202,2020-07-12 08:37:16,227.90909090909093,205.88235294117652,233.5,5.0,43.75000000000001,92.80000000000001,13.704831932773109,55.714285714285715,0.0,0.0,0.0
203,2020-07-12 08:37:17,48.357142857142854,190.0,226.0,,,94.55555555555556,0.0,177.29061553985872,0.0,0.0,75.81634712411704
204,2020-07-12 08:37:18,43.181818181818194,75.00000000000003,227.0588235294118,22.13636363636364,9.875000000000002,52.69230769230767,110.76695319961796,466.4995224450812,0.0,31.24928366762178,0.0
205,2020-07-12 08:37:19,47.228260869565204,24.352272727272723,182.50000000000006,40.50000000000001,34.16666666666668,58.684210526315816,0.0,524.4368530020704,0.0,0.0,0.0
206,2020-07-12 08:37:20,45.833333333333336,57.50000000000002,205.00000000000006,,,89.37500000000001,0.0,485.5902636916836,0.0,0.0,250.60243407707912
207,2020-07-12 08:37:21,62.647058823529406,37.109375,167.49999999999997,4.500000000000001,4.500000000000001,45.07142857142857,55.153,441.455,7.26,0.0,0.0
208,2020-07-12 08:37:22,103.52941176470617,54.44444444444451,46.875,45.68181818181819,68.33333333333334,39.326923076923066,0.0,384.79940119760477,0.0,0.0,40.62774451097805
209,2020-07-12 08:37:23,43.583333333333336,95.25,224.5,65.00000000000004,4.725,134.28571428571436,162.159,281.226,0.0,0.0,3.699
210,2020-07-12 08:37:24,40.62500000000001,80.52631578947368,197.49999999999994,41.66666666666667,48.75000000000001,69.11764705882355,153.88577154308618,398.62224448897797,0.0,0.0,0.0
211,2020-07-12 08:37:25,167.5,161.66666666666663,219.99999999999997,27.50000000000002,80.0,72.75000000000004,56.47260273972603,456.73874755381604,0.20058708414872797,0.0,844.6810176125244
212,2020-07-12 08:37:26,46.029411764705884,213.8235294117647,130.00000000000003,4.500000000000001,65.0,49.29999999999998,29.20651068158698,436.59511698880976,0.0,0.0,0.0
213,2020-07-12 08:37:27,34.03846153846155,24.72727272727273,226.42857142857144,56.666666666666714,4.875000000000001,37.63157894736843,0.0,498.18481518481525,0.0,0.0,65.29370629370631
214,2020-07-12 08:37:28,34.89130434782611,23.30851063829787,62.5,4.500000000000001,4.500000000000001,22.14583333333334,229.66498993963782,443.3712273641851,0.0,42.816901408450704,0.0
215,2020-07-12 08:37:29,49.375,86.6666666666667,167.50000000000003,,,75.625,0.0,434.615,0.0,0.0,0.0
216,2020-07-12 08:37:30,30.12500000000002,74.47368421052633,90.0,81.0,4.750000000000001,43.333333333333336,0.0,359.9561487130601,0.0,0.0076263107721639654,328.67302192564347
217,2020-07-12 08:37:31,22.147058823529417,97.28260869565219,140.00000000000009,4.725,4.973684210526317,31.76470588235294,30.161626694473412,391.8769551616267,9.947862356621481,0.0,0.0
218,2020-07-12 08:37:32,33.333333333333336,164.50000000000003,152.5,4.500000000000001,81.00000000000003,33.472222222222236,0.0,0.0,0.0,0.0,24.048241206030152
219,2020-07-12 08:37:33,78.33333333333339,97.63157894736842,48.54166666666667,4.500000000000001,4.500000000000001,49.01785714285714,301.7837837837838,628.1501501501501,0.0,0.0,19.79179179179179
220,2020-07-12 08:37:34,31.470588235294105,82.1739130434783,205.00000000000003,,,93.33333333333344,179.8797216699801,394.2485089463221,0.0,0.0,0.0
221,2020-07-12 08:37:35,28.461538461538485,37.63157894736843,160.0000000000001,11.50000000000001,88.12500000000001,40.75000000000001,12.244959677419354,444.59375,0.20665322580645162,0.0,1112.008064516129
222,2020-07-12 08:37:36,88.18181818181819,29.64285714285715,150.00000000000009,4.724999999999999,4.724999999999999,42.50000000000001,28.008514664143803,381.39640491958374,0.0,0.0,0.0
223,2020-07-12 08:37:37,67.61904761904766,48.46774193548387,107.49999999999999,5.499999999999998,4.500000000000001,69.03846153846155,0.0,474.26008492569,0.0,0.0,116.73248407643312
224,2020-07-12 08:37:38,45.91666666666668,66.24999999999999,167.49999999999997,4.500000000000001,79.00000000000001,75.22727272727275,220.28753680078512,293.7978410206085,0.0,39.67811579980373,0.0
225,2020-07-12 08:37:39,44.68750000000004,39.16666666666666,192.5,,,45.416666666666664,0.0,371.7099811676083,0.0,0.0,0.0
226,2020-07-12 08:37:40,40.41666666666667,23.449152542372875,197.5,4.500000000000001,81.00000000000001,62.50000000000007,0.0,339.3438177874187,0.0,0.0,245.24186550976137
227,2020-07-12 08:37:41,42.32142857142857,24.77173913043479,62.500000000000014,4.5,4.5,31.875000000000014,0.8276553106212425,550.9719438877755,9.619238476953907,0.0,0.0
228,2020-07-12 08:37:42,24.087837837837842,45.416666666666686,91.42857142857143,4.5,34.166666666666664,40.27777777777778,0.0,243.9090909090909,0.0,0.0,2.4367588932806323
229,2020-07-12 08:37:43,41.44736842105264,44.24107142857143,189.99999999999994,,,23.499999999999996,245.31477732793522,525.4929149797571,0.0,0.0,0.4119433198380567
230,2020-07-12 08:37:44,29.722222222222243,47.352941176470594,92.5,4.973684210526317,4.725,26.071428571428637,192.73353293413174,422.42914171656685,0.0,0.0,0.0
231,2020-07-12 08:37:45,39.642857142857146,33.000000000000014,227.50000000000003,52.5,4.500000000000001,39.41176470588235,69.94884653961886,499.2938816449348,0.205616850551655,0.0,928.3049147442326
232,2020-07-12 08:37:46,79.85714285714286,53.21428571428575,197.50000000000006,4.500000000000001,79.00000000000001,39.76562500000001,25.362135922330097,440.40582524271844,0.0,0.0,0.0
233,2020-07-12 08:37:47,24.892857142857146,195.83333333333331,215.0,,,70.45454545454545,0.0,319.45309381237524,0.0,0.0,251.77744510978044
234,2020-07-12 08:37:48,24.892857142857146,195.83333333333331,215.0,,,70.45454545454545,0.0,319.45309381237524,0.0,0.0,251.77744510978044
235,2020-07-12 08:37:49,24.892857142857146,195.83333333333331,215.0,,,70.45454545454545,0.0,319.45309381237524,0.0,0.0,251.77744510978044
236,2020-07-12 08:37:50,24.892857142857146,195.83333333333331,215.0,,,70.45454545454545,0.0,319.45309381237524,0.0,0.0,251.77744510978044
237,2020-07-12 08:37:51,24.892857142857146,195.83333333333331,215.0,,,70.45454545454545,0.0,319.45309381237524,0.0,0.0,251.77744510978044
238,2020-07-12 08:37:52,138.8983050847457,84.51219512195127,192.30769230769235,4.500000000000001,4.86734693877551,93.01587301587303,43.82682682682683,177.22642642642643,1.5735735735735736,7.987987987987988,75.38098098098098
239,2020-07-12 08:37:53,47.63513513513515,47.9375,76.25000000000001,8.249999999999998,71.66666666666667,66.42857142857142,229.76591375770022,579.8501026694046,0.0,0.0,6.540041067761807
240,2020-07-12 08:37:54,38.75000000000001,137.5,,4.500000000000001,71.25,44.59558823529412,107.186,276.501,0.0,0.0,0.0
241,2020-07-12 08:37:55,37.8125,197.1052631578948,200.5,,,161.6666666666667,31.33,459.413,0.205,0.0,700.968
242,2020-07-12 08:37:56,36.406250000000014,52.187499999999986,82.49999999999999,54.99999999999999,4.500000000000001,37.583333333333336,37.08949416342413,374.09046692607006,0.0,0.0,0.0
243,2020-07-12 08:37:57,41.0714285714286,26.53846153846156,225.625,4.500000000000001,80.00000000000001,39.687499999999986,0.0,555.050153531218,0.0,0.0,125.05015353121802
244,2020-07-12 08:37:58,24.80120481927711,40.853658536585364,185.0,43.958333333333336,9.388888888888888,52.7272727272729,210.92338308457713,421.7940298507463,0.0,33.61393034825871,0.0
245,2020-07-12 08:37:59,23.25892857142857,22.800000000000004,208.75,7.0000000000000036,70.00000000000003,45.000000000000014,0.0,525.0443548387098,0.0,0.0,0.0
246,2020-07-12 08:38:00,31.000000000000004,65.45454545454545,212.49999999999997,74.16666666666667,73.0,32.29999999999999,0.0,0.0,0.0,0.0,265.90581162324645
247,2020-07-12 08:38:01,45.588235294117645,30.749999999999986,211.00000000000003,86.66666666666667,4.95,31.249999999999982,1.822822822822823,451.74674674674674,8.88888888888889,0.0,0.0
248,2020-07-12 08:38:02,34.58333333333334,62.91666666666665,186.25000000000003,4.5,55.000000000000014,48.6,0.0,486.35487077534793,0.0,0.0,88.80815109343936
249,2020-07-12 08:38:03,94.23076923076925,23.5,95.38461538461539,19.5,5.75,37.21153846153848,273.95875251509057,286.74446680080484,0.0,0.0,15.459758551307846
250,2020-07-12 08:38:04,30.555555555555628,44.78260869565216,91.25000000000001,6.000000000000003,87.5,27.500000000000004,134.10009910802776,586.3557978196235,0.0,0.0,0.0
251,2020-07-12 08:38:05,142.00000000000003,27.50000000000004,91.33333333333334,4.5,4.909090909090911,36.57407407407407,1.2651209677419355,313.648185483871,0.20665322580645162,0.0,1073.811491935484
252,2020-07-12 08:38:06,60.49999999999999,72.88461538461542,100.0,4.821428571428572,7.5,33.653846153846175,40.67655786350149,438.8456973293769,0.0,0.0,0.0
253,2020-07-12 08:38:07,34.64285714285714,81.9047619047619,228.33333333333334,55.00000000000001,81.66666666666667,32.32142857142856,0.0,414.47347347347346,0.0,0.0,149.64164164164166
254,2020-07-12 08:38:08,58.75000000000005,90.23255813953489,98.84615384615387,4.86,4.86,46.60256410256411,261.45536609829486,504.7933801404213,0.0,40.55366098294884,0.0
255,2020-07-12 08:38:09,35.11904761904764,22.933333333333334,80.0,4.500000000000001,30.00000000000001,22.98571428571429,0.0,358.66263846928496,0.0,0.0,0.0
256,2020-07-12 08:38:10,31.94444444444445,35.29411764705884,88.33333333333334,16.0,83.00000000000001,41.290322580645174,0.0,580.206256109482,0.0,0.0,157.71749755620723
257,2020-07-12 08:38:11,43.58333333333335,39.0217391304348,223.75,4.500000000000001,8.749999999999998,39.821428571428584,47.22708757637475,404.9572301425662,9.59266802443992,0.0,0.0
258,2020-07-12 08:38:12,78.07692307692305,23.5,92.5,4.500000000000001,4.500000000000001,40.3846153846154,0.0,349.7937625754527,0.0,0.0,194.66398390342053
259,2020-07-12 08:38:13,62.33333333333335,23.653061224489797,220.0,50.0,56.66666666666664,25.972222222222232,243.78770413064362,451.8491834774256,0.0,0.0,0.0
260,2020-07-12 08:38:14,21.571428571428577,21.21739130434783,190.0,20.500000000000004,65.00000000000001,19.000000000000004,91.81554404145078,559.4124352331606,0.0,0.0,0.0
261,2020-07-12 08:38:15,38.57142857142858,34.047619047619044,99.1666666666667,72.50000000000001,4.500000000000001,37.85714285714287,94.304,133.944,0.205,0.0,765.501
262,2020-07-12 08:38:16,85.45454545454545,77.10526315789473,226.8181818181818,4.95,4.725,47.583333333333336,86.72519841269842,321.7460317460317,0.0,0.0,0.0
263,2020-07-12 08:38:17,58.82352941176473,23.588235294117652,1150.000000000002,69.99999999999999,81.0,22.19354838709678,0.0,465.93016194331983,0.0,0.0,251.90485829959516
264,2020-07-12 08:38:18,66.17647058823528,196.77419354838716,89.5,4.500000000000001,4.5,33.29545454545456,185.6571146245059,377.1541501976285,0.0,42.055335968379445,0.0
265,2020-07-12 08:38:19,44.25,207.50000000000003,91.875,57.50000000000006,4.764705882352941,23.650000000000006,0.0,440.20486815415825,0.0,0.0,0.0
266,2020-07-12 08:38:20,41.09375,36.190476190476204,49.72222222222222,,,41.04166666666667,0.0,480.89684813753587,0.0,0.0,198.51862464183384
267,2020-07-12 08:38:21,44.88636363636364,48.125,55.00000000000008,4.500000000000001,4.500000000000001,37.812500000000014,37.85026178010472,111.78952879581152,9.424083769633507,0.0,0.0
268,2020-07-12 08:38:22,89.37500000000001,95.0,47.5,4.500000000000001,4.500000000000001,55.71428571428576,0.0,0.0,0.0,0.0,161.394422310757
269,2020-07-12 08:38:23,93.75000000000004,67.50000000000003,221.66666666666669,43.75,80.0,80.00000000000001,300.5945674044266,108.77967806841046,0.0,0.0,0.0
270,2020-07-12 08:38:24,224.39999999999998,110.50000000000013,241.5625,84.99999999999999,4.500000000000001,75.80000000000001,76.95104895104896,194.92207792207793,0.0,0.0,0.0
271,2020-07-12 08:38:25,68.0,65.00000000000013,1900.0000000000005,47.08333333333333,57.50000000000001,128.00000000000003,29.651348651348652,690.914085914086,0.20479520479520483,0.0,809.6733266733268
272,2020-07-12 08:38:26,68.0,65.00000000000013,1900.0000000000005,47.08333333333333,57.50000000000001,128.00000000000003,29.651348651348652,690.914085914086,0.20479520479520483,0.0,809.6733266733268
273,2020-07-12 08:38:27,68.0,65.00000000000013,1900.0000000000005,47.08333333333333,57.50000000000001,128.00000000000003,29.651348651348652,690.914085914086,0.20479520479520483,0.0,809.6733266733268
274,2020-07-12 08:38:28,68.0,65.00000000000013,1900.0000000000005,47.08333333333333,57.50000000000001,128.00000000000003,29.651348651348652,690.914085914086,0.20479520479520483,0.0,809.6733266733268
275,2020-07-12 08:38:29,74.65346534653465,79.81818181818181,218.84615384615387,55.71428571428574,32.49999999999999,59.92307692307687,39.85099094690482,374.8967457793002,0.0,7.810129679471495,48.507218008319064
276,2020-07-12 08:38:30,109.2307692307692,201.1111111111111,212.50000000000003,4.500000000000001,4.500000000000001,88.12500000000004,0.0,245.3815789473684,0.0,0.008771929824561403,173.53179824561403
277,2020-07-12 08:38:31,40.416666666666686,47.857142857142854,217.50000000000003,80.0,73.33333333333333,23.036363636363635,59.81975071907958,453.4084372003835,6.960690316395015,0.0,0.0
278,2020-07-12 08:38:32,36.46551724137931,46.02272727272727,145.00000000000006,4.95,9.499999999999998,38.79310344827586,0.0,315.18200836820085,0.0,0.0,133.0418410041841
279,2020-07-12 08:38:33,23.445454545454545,159.99999999999997,233.63636363636365,76.66666666666666,65.0,47.81249999999999,224.03496503496504,345.3756243756244,0.0,0.0,9.435564435564435
280,2020-07-12 08:38:34,23.59375,83.85714285714285,95.83333333333334,4.500000000000001,4.95,46.03658536585367,204.80078508341512,551.2237487733072,0.0,0.0,0.0
281,2020-07-12 08:38:35,45.73529411764706,118.7500000000001,89.16666666666667,5.999999999999999,12.999999999999998,42.96875000000003,37.33908629441624,239.3197969543147,0.20812182741116753,0.0,801.6619289340102
282,2020-07-12 08:38:36,39.41666666666667,39.00000000000001,221.50000000000003,,,48.00000000000002,29.683417085427138,347.2924623115578,0.0,0.0,0.0
283,2020-07-12 08:38:37,40.41666666666669,81.1111111111111,77.49999999999999,30.83333333333334,4.928571428571428,38.00000000000003,0.0,462.28784860557766,0.0,0.0,137.28884462151393
284,2020-07-12 08:38:38,42.92857142857144,40.27777777777778,212.5,4.500000000000001,4.78125,33.611111111111136,210.1,558.575,0.0,40.166,0.0
285,2020-07-12 08:38:39,64.37499999999996,72.2222222222223,185.00000000000006,4.500000000000001,4.909090909090909,24.379310344827587,0.0,349.68868868868867,0.0,0.0,0.0
286,2020-07-12 08:38:40,82.30769230769232,48.75,215.00000000000003,36.666666666666664,29.99999999999998,32.1875,0.0,399.7064128256513,0.0,0.0,305.4148296593186
287,2020-07-12 08:38:41,40.583333333333336,22.310344827586203,190.0,,,42.4375,18.64734774066798,495.0451866404715,9.43025540275049,0.0,0.0
288,2020-07-12 08:38:42,39.20454545454545,44.20454545454545,98.75,4.695652173913044,60.000000000000014,60.66666666666666,0.0,443.61928934010155,0.0,0.0,246.56751269035533
289,2020-07-12 08:38:43,43.684210526315795,22.87804878048781,96.66666666666669,4.500000000000001,4.500000000000001,81.76470588235293,209.8,378.195,0.0,0.0,0.0
290,2020-07-12 08:38:44,142.35294117647064,89.48717948717949,98.82352941176471,,,79.375,191.18537074148296,493.563126252505,0.0,0.0,0.0
291,2020-07-12 08:38:45,33.61111111111109,68.86363636363637,60.00000000000006,41.24999999999999,13.000000000000002,43.235294117647065,136.95204795204796,317.54245754245756,0.20479520479520483,0.0,952.5914085914087
292,2020-07-12 08:38:46,30.394736842105306,65.8695652173913,90.00000000000001,4.500000000000001,4.500000000000001,46.875000000000014,53.658869395711505,480.07894736842104,0.0,0.0,0.0
293,2020-07-12 08:38:47,40.7608695652174,35.55555555555556,219.99999999999997,,,213.28947368421052,0.0,97.56848609680742,0.0,0.0,45.39546858908342
294,2020-07-12 08:38:48,36.923076923076934,24.629629629629633,214.37500000000003,86.00000000000001,26.666666666666675,40.486111111111114,122.11612284069098,535.5719769673703,0.0,34.97312859884836,0.0
295,2020-07-12 08:38:49,52.30769230769233,27.499999999999993,95.0,4.500000000000001,84.99999999999999,20.857142857142858,0.0,552.0125130344109,0.0,0.0,0.0
296,2020-07-12 08:38:50,38.70967741935484,27.22222222222221,95.625,4.6607142857142865,4.500000000000001,87.05882352941177,0.0,318.9484240687679,0.0,0.0,193.3352435530086
297,2020-07-12 08:38:51,35.55555555555556,85.68181818181819,93.33333333333334,4.500000000000001,4.500000000000001,23.430769230769233,111.61070304302204,491.286463798531,9.19202518363064,0.0,0.0
298,2020-07-12 08:38:52,33.625000000000014,38.958333333333336,228.57142857142856,,,85.0,0.0,561.7131552917904,0.0,0.0,159.03560830860536
299,2020-07-12 08:38:53,65.00000000000009,45.9375,104.99999999999991,71.0,4.6499999999999995,63.33333333333332,150.27631578947367,208.33097165991904,0.0,0.0,3.0738866396761133
300,2020-07-12 08:38:54,70.00000000000004,84.77272727272728,70.00000000000003,4.500000000000001,8.5,78.61111111111113,156.2163636363636,394.45272727272726,0.0,0.0,0.0
301,2020-07-12 08:38:55,38.74999999999999,73.18181818181819,,,,23.83333333333334,60.3496115427303,204.57380688124306,0.22752497225305218,0.0,992.3651498335183
302,2020-07-12 08:38:56,170.90909090909096,24.934782608695656,,,,98.63636363636363,9.145854145854148,0.0,0.0,0.0,0.0
303,2020-07-12 08:38:57,218.92857142857142,218.33333333333334,465.625,85.0,7.5,206.76470588235296,0.0,106.18618618618618,0.0,0.0,102.6976976976977
304,2020-07-12 08:38:58,219.5,201.47058823529412,2350.0,94.37500000000001,4.666666666666666,62.69230769230773,141.63157894736844,216.6206554121152,0.0,31.698113207547173,0.0
305,2020-07-12 08:38:59,56.111111111111136,57.63157894736842,84.99999999999999,6.5,41.25000000000001,39.44444444444444,0.0,404.4662638469285,0.0,0.0,0.0
306,2020-07-12 08:39:00,56.111111111111136,57.63157894736842,84.99999999999999,6.5,41.25000000000001,39.44444444444444,0.0,404.4662638469285,0.0,0.0,0.0
307,2020-07-12 08:39:01,56.111111111111136,57.63157894736842,84.99999999999999,6.5,41.25000000000001,39.44444444444444,0.0,404.4662638469285,0.0,0.0,0.0
308,2020-07-12 08:39:02,56.111111111111136,57.63157894736842,84.99999999999999,6.5,41.25000000000001,39.44444444444444,0.0,404.4662638469285,0.0,0.0,0.0
309,2020-07-12 08:39:03,56.27272727272726,112.24489795918385,228.625,63.50000000000003,16.375,92.99145299145297,56.6645272772155,407.3838558380647,1.7329054554431005,0.0,77.27005677610467
310,2020-07-12 08:39:04,42.840909090909115,151.75000000000006,211.00000000000003,4.500000000000001,4.500000000000001,43.166666666666664,144.8514225500527,473.2413066385669,0.0,0.0,0.0
311,2020-07-12 08:39:05,21.1,208.10344827586212,23.5,,,22.800000000000008,62.801,215.827,0.205,0.0,755.738
312,2020-07-12 08:39:06,35.999999999999986,37.812500000000014,184.37500000000003,81.875,4.500000000000001,48.1451612903226,26.411433926897846,288.4826616682287,0.0,0.0,0.0
313,2020-07-12 08:39:07,77.50000000000001,48.1818181818182,227.5,36.25000000000001,4.500000000000001,50.62500000000003,0.0,490.5573419078242,0.0,0.0,133.0278670953912
314,2020-07-12 08:39:08,42.3684210526316,76.84210526315796,122.50000000000017,15.250000000000004,4.875,64.61538461538461,240.02091633466136,526.2699203187251,0.0,42.39043824701195,0.0
315,2020-07-12 08:39:09,23.734375000000004,46.323529411764724,163.74999999999997,11.500000000000002,8.833333333333332,77.25806451612904,0.0,496.90471512770137,0.0,0.0,0.0
316,2020-07-12 08:39:10,24.90816326530613,46.61764705882354,90.00000000000001,,,43.5,0.0,261.67448979591836,0.0,0.0,218.15204081632655
317,2020-07-12 08:39:11,44.44444444444444,43.409090909090914,212.5,86.25000000000001,4.95,67.40000000000005,17.62,467.374,8.46,0.0,0.0
318,2020-07-12 08:39:12,129.0,30.55555555555554,152.5,4.500000000000001,4.833333333333334,96.66666666666663,0.0,434.2565130260521,0.0,0.0,130.8937875751503
319,2020-07-12 08:39:13,33.684210526315766,66.95652173913045,229.375,4.500000000000001,89.16666666666667,23.194444444444443,136.18618618618618,503.33633633633633,0.0,0.0,20.656656656656658
320,2020-07-12 08:39:14,68.91304347826086,36.54761904761905,203.33333333333337,85.55555555555556,5.666666666666667,45.72727272727272,173.98556304138597,279.5264677574591,0.0,0.0,0.0
321,2020-07-12 08:39:15,23.15909090909091,29.85294117647061,1749.9999999999993,,,48.5416666666667,191.69719042663894,595.4755463059313,0.21331945889698234,0.0,1047.7856399583768
322,2020-07-12 08:39:16,24.761904761904763,24.790697674418603,95.00000000000001,4.846153846153846,44.99999999999999,24.97222222222222,92.0059582919563,456.0764647467727,0.0,0.0,0.0
323,2020-07-12 08:39:17,23.145454545454538,63.333333333333314,93.00000000000001,4.500000000000001,4.500000000000001,48.238636363636374,0.0,405.1447105788423,0.0,0.0,127.38423153692615
324,2020-07-12 08:39:18,22.513698630136986,84.14634146341463,76.66666666666667,4.846153846153846,4.500000000000001,38.26923076923077,149.92849949647533,508.82275931520644,0.0,42.59214501510574,0.0
325,2020-07-12 08:39:19,83.00000000000001,37.70833333333333,91.66666666666667,4.500000000000001,4.500000000000001,42.738095238095234,0.0,424.18639053254435,0.0,0.0,0.0
326,2020-07-12 08:39:20,78.57142857142857,116.66666666666667,86.25000000000001,,,91.36363636363635,0.0,470.8638211382114,0.0,0.0,199.1829268292683
327,2020-07-12 08:39:21,42.222222222222214,39.58333333333333,216.25,32.49999999999999,82.49999999999999,77.50000000000007,87.30378486055777,320.54581673306774,9.442231075697212,0.0,0.0
328,2020-07-12 08:39:22,25.0,46.7,171.25,4.500000000000001,6.000000000000011,48.07142857142857,0.0,167.5160642570281,0.0,0.0,122.5491967871486
329,2020-07-12 08:39:23,46.78571428571427,37.70000000000002,144.99999999999997,4.500000000000001,27.499999999999993,45.31250000000001,92.019,435.018,0.0,0.0,63.736
330,2020-07-12 08:39:24,23.040816326530617,97.99999999999997,192.1428571428571,9.000000000000002,27.500000000000046,47.40384615384616,206.4921104536489,315.956607495069,0.0,0.0,0.0
331,2020-07-12 08:39:25,26.50000000000001,22.42857142857143,230.0,21.500000000000004,28.750000000000018,37.34375000000001,101.50151057401813,592.5317220543807,0.20644511581067473,0.0,910.2044310171198
332,2020-07-12 08:39:26,22.35526315789474,139.28571428571422,175.0,60.00000000000001,65.00000000000001,33.12500000000002,86.71388630009321,311.2814538676608,0.0,0.0,0.0
333,2020-07-12 08:39:27,45.925925925925924,76.42857142857149,98.99999999999999,4.655172413793103,4.645161290322581,65.00000000000001,0.0,450.1355748373102,0.0,0.0,275.1832971800434
334,2020-07-12 08:39:28,27.18749999999998,174.25000000000003,95.0,4.500000000000001,4.500000000000001,20.821428571428573,140.91191191191191,424.5065065065065,0.0,38.608608608608606,0.0
335,2020-07-12 08:39:29,23.500000000000004,52.000000000000036,90.00000000000001,4.500000000000001,4.500000000000001,23.37142857142857,0.0,170.841,0.0,0.0,0.0
336,2020-07-12 08:39:30,203.0,73.33333333333336,235.00000000000003,4.5,64.99999999999999,210.67567567567568,0.0,206.88469184890658,0.0,0.007952286282306164,69.93538767395627
337,2020-07-12 08:39:31,35.750000000000014,89.00000000000001,241.42857142857147,83.00000000000001,4.500000000000001,171.53846153846155,98.90258449304176,0.0,7.455268389662027,0.0,0.0
338,2020-07-12 08:39:32,90.5,77.77777777777776,241.92307692307696,,,93.57142857142858,0.0,191.34207870837537,0.0,0.0,135.49142280524723
339,2020-07-12 08:39:33,122.99999999999991,33.43750000000001,130.00000000000006,70.0,8.875000000000002,64.7826086956522,63.53391472868217,536.9166666666666,0.0,0.0,70.55232558139534
340,2020-07-12 08:39:34,43.46153846153847,29.285714285714278,190.00000000000006,4.973684210526316,9.833333333333334,33.08823529411765,230.6286307053942,460.7427385892117,0.0,0.0,0.0
341,2020-07-12 08:39:35,25.454545454545492,62.85714285714283,211.42857142857142,4.500000000000001,4.750000000000001,86.30434782608697,41.267,314.611,0.205,0.0,739.56
342,2020-07-12 08:39:36,56.50000000000002,73.80952380952381,145.00000000000014,8.166666666666673,16.750000000000025,49.53125000000003,90.42544731610339,452.1580516898608,0.0,0.0,0.0
343,2020-07-12 08:39:37,73.18181818181822,81.17647058823529,227.5,,,53.333333333333336,0.0,487.83417085427135,0.0,0.0,160.61708542713566
344,2020-07-12 08:39:38,23.52083333333334,23.56818181818182,220.0,44.06250000000001,34.166666666666664,76.15384615384622,107.07856450048497,502.6420950533463,0.0,31.218234723569353,0.0
345,2020-07-12 08:39:39,51.7857142857143,25.441176470588264,90.9090909090909,4.500000000000001,4.973684210526317,59.500000000000085,0.0,448.56850715746424,0.0,0.0,0.0
346,2020-07-12 08:39:40,66.57894736842108,23.353658536585375,213.57142857142858,86.42857142857144,8.1,38.300000000000004,0.0,612.2431886982846,0.0,0.0,180.8072653884965
347,2020-07-12 08:39:41,22.82191780821918,20.85,91.66666666666667,32.50000000000002,36.250000000000036,41.07142857142858,59.076,402.235,9.42,0.0,0.0
348,2020-07-12 08:39:42,45.75581395348838,58.94736842105271,160.0,,,168.25000000000006,0.0,425.88258706467667,0.0,0.0,42.43980099502488
349,2020-07-12 08:39:43,44.034090909090914,23.193877551020414,169.99999999999994,4.500000000000001,52.50000000000001,42.69230769230771,181.78370221327967,535.4235412474849,0.0,0.0,129.29476861167
350,2020-07-12 08:39:44,35.31250000000001,20.61764705882353,84.99999999999999,4.500000000000001,4.725,48.46153846153846,200.3836163836164,527.3766233766233,0.0,0.0,0.0
351,2020-07-12 08:39:45,24.238461538461543,23.617647058823536,341.6666666666668,,,62.5,42.951,432.814,0.205,0.0,852.194
352,2020-07-12 08:39:46,45.20833333333332,24.60526315789474,218.125,75.00000000000001,80.00000000000001,46.66666666666667,74.77777777777779,282.5915915915916,0.0,0.0,0.0
353,2020-07-12 08:39:47,94.28571428571429,23.3421052631579,130.00000000000003,37.50000000000001,37.50000000000001,39.65277777777777,0.0,383.585,0.0,0.0,220.246
354,2020-07-12 08:39:48,26.999999999999993,23.27358490566038,228.1818181818182,50.0,41.66666666666667,74.8529411764706,178.832,611.288,0.0,42.56,0.0
355,2020-07-12 08:39:49,23.23,22.88235294117647,175.00000000000009,4.736842105263158,4.736842105263158,38.64583333333333,0.0,489.932067932068,0.0,0.0,0.0
356,2020-07-12 08:39:50,41.87500000000001,65.23809523809526,97.50000000000001,,,41.37931034482759,0.0,122.655,0.0,0.0,235.057
357,2020-07-12 08:39:51,26.875000000000025,53.181818181818166,98.33333333333334,4.500000000000001,5.0,41.94444444444444,73.47318007662835,498.49233716475095,8.333333333333332,0.0,0.0
358,2020-07-12 08:39:52,24.875,34.82142857142856,220.0,66.66666666666664,5.0,68.9285714285714,0.0,606.7617065556711,0.0,0.0,197.42872008324662
359,2020-07-12 08:39:53,22.44776119402985,79.72222222222223,91.66666666666667,4.500000000000001,4.500000000000001,45.83333333333332,121.13581488933602,391.8098591549296,0.0,0.0,74.67706237424548
360,2020-07-12 08:39:54,202.5,32.50000000000003,228.57142857142856,85.71428571428571,8.0,47.05882352941177,175.4930139720559,499.77245508982037,0.0,0.0,0.0
361,2020-07-12 08:39:55,57.69230769230774,110.99999999999993,197.5,,,44.27083333333333,15.89089089089089,453.57557557557556,0.20520520520520522,0.0,883.2732732732733
362,2020-07-12 08:39:56,60.38461538461541,24.250000000000007,98.88888888888889,4.736842105263158,4.736842105263158,40.81081081081081,51.46346346346346,522.1101101101101,0.0,0.0,0.0
363,2020-07-12 08:39:57,45.86206896551724,24.725000000000005,159.99999999999997,75.00000000000003,10.000000000000053,38.87931034482758,0.0,487.20679320679324,0.0,0.0,99.48051948051949
364,2020-07-12 08:39:58,97.56410256410255,23.524193548387107,92.08333333333334,33.33333333333336,33.33333333333336,42.678571428571416,317.4925074925075,580.2727272727273,0.0,42.51748251748252,0.0
365,2020-07-12 08:39:59,30.66666666666668,62.89473684210528,93.00000000000001,4.500000000000001,4.7368421052631575,23.82608695652174,0.0,438.035,0.0,0.0,0.0
366,2020-07-12 08:40:00,75.00000000000001,33.0952380952381,84.99999999999999,4.500000000000001,4.500000000000001,17.714285714285708,0.0,0.0,0.0,0.0,217.23568702290075
367,2020-07-12 08:40:01,41.25000000000002,32.500000000000036,46.875,4.500000000000001,4.500000000000001,23.902439024390244,85.03992210321324,413.8354430379747,9.347614410905551,0.0,0.0
368,2020-07-12 08:40:02,69.0000000000001,44.00000000000001,235.00000000000003,82.50000000000001,4.500000000000001,83.18181818181819,0.0,12.833497536945814,0.0,0.0,96.0896551724138
369,2020-07-12 08:40:03,139.375,224.5,226.25,,,87.50000000000001,185.0098901098901,153.91758241758242,0.0,0.0,50.5032967032967
370,2020-07-12 08:40:04,85.00000000000001,45.37234042553191,160.0,44.37500000000001,43.333333333333336,43.75,140.76376376376376,301.15615615615616,0.0,0.0,0.0
371,2020-07-12 08:40:05,129.99999999999994,48.60000000000001,160.0,5.0,4.5,82.35294117647062,48.79441117764471,457.32335329341316,0.20459081836327345,0.0,812.8383233532935
372,2020-07-12 08:40:06,33.500000000000014,62.777777777777764,206.50000000000003,69.99999999999999,4.5,85.45454545454547,61.30318091451292,485.772365805169,0.0,0.0,0.0
373,2020-07-12 08:40:07,39.821428571428584,190.5357142857143,216.25000000000006,,,42.39583333333334,0.0,436.6659939455096,0.0,0.0,156.16448032290617
374,2020-07-12 08:40:08,41.11111111111112,36.599999999999994,205.00000000000003,86.25000000000001,4.500000000000001,45.48780487804878,151.233,573.047,0.0,32.186,0.0
375,2020-07-12 08:40:09,25.20833333333333,20.815789473684212,205.00000000000003,37.91666666666667,75.00000000000001,41.250000000000064,0.0,544.1188811188812,0.0,0.0,0.0
376,2020-07-12 08:40:10,40.39473684210527,30.394736842105264,193.75,72.50000000000004,72.50000000000004,39.84848484848486,0.0,296.56762092793684,0.0,0.0,169.6959526159921
377,2020-07-12 08:40:11,23.80508474576271,46.94444444444444,145.00000000000009,21.78571428571429,11.500000000000004,35.41666666666668,99.13083164300204,644.9969574036511,7.789046653144016,0.0,0.0
378,2020-07-12 08:40:12,39.485294117647065,59.750000000000036,94.99999999999997,76.66666666666666,69.99999999999999,34.28571428571429,0.0,414.939060939061,0.0,0.0,193.7052947052947
379,2020-07-12 08:40:13,40.487804878048784,27.35294117647058,228.33333333333334,60.00000000000001,5.0,25.555555555555525,125.6506986027944,0.0,0.0,0.0,17.525948103792416
380,2020-07-12 08:40:14,89.14285714285717,58.75000000000002,98.50000000000001,24.000000000000007,6.250000000000001,37.70833333333332,183.66533066132266,495.563126252505,0.0,0.0,0.0
381,2020-07-12 08:40:15,56.66666666666671,55.000000000000014,82.49999999999999,4.500000000000001,4.500000000000001,24.195121951219512,49.557,538.254,0.205,0.0,833.276
382,2020-07-12 08:40:16,35.30000000000001,35.208333333333336,205.00000000000003,46.071428571428584,61.666666666666664,38.963414634146346,105.269,536.675,0.0,0.0,0.0
383,2020-07-12 08:40:17,30.5263157894737,172.5,49.72222222222222,23.0,13.000000000000002,24.480769230769237,0.0,421.04604604604606,0.0,0.0,114.16516516516516
384,2020-07-12 08:40:18,51.153846153846146,94.79166666666667,86.25000000000001,4.500000000000001,4.500000000000001,45.0,225.699,412.168,0.0,42.826,0.0
385,2020-07-12 08:40:19,53.461538461538424,41.80555555555557,91.00000000000001,27.500000000000004,4.846153846153847,30.909090909090914,0.0,492.4861660079051,0.0,0.0,0.0
386,2020-07-12 08:40:20,28.214285714285733,71.75,231.24999999999997,76.66666666666667,83.75,32.50000000000001,0.0,454.8887765419616,0.0,0.0,340.5672396359959
387,2020-07-12 08:40:21,40.986842105263165,32.10526315789475,91.0,4.500000000000001,74.00000000000003,38.61111111111109,157.84945164506485,519.5333998005983,9.631106679960121,0.0,0.0
388,2020-07-12 08:40:22,33.12499999999997,23.89795918367347,195.00000000000003,4.95,72.50000000000003,68.57142857142858,0.0,463.0130522088353,0.0,0.0,270.4096385542169
389,2020-07-12 08:40:23,46.11111111111111,124.64285714285718,223.75,,,23.500000000000007,31.293706293706297,392.79920079920083,0.0,0.0,45.14585414585415
390,2020-07-12 08:40:24,46.0,25.833333333333346,94.28571428571428,83.8888888888889,7.583333333333334,37.08333333333336,162.644,500.119,0.0,0.0,0.0
391,2020-07-12 08:40:25,28.92857142857143,24.707792207792213,182.50000000000006,4.500000000000001,9.499999999999995,31.315789473684234,72.24650698602795,491.26646706586826,0.20459081836327345,0.0,855.9560878243512
392,2020-07-12 08:40:26,48.977272727272734,47.105263157894754,134.99999999999994,4.833333333333333,45.49999999999999,24.4,98.68181818181817,471.1689723320158,0.0,0.0,0.0
393,2020-07-12 08:40:27,47.78409090909091,30.131578947368464,190.0,81.66666666666667,4.949999999999999,31.176470588235286,0.0,374.82961460446245,0.0,0.0,131.96754563894524
394,2020-07-12 08:40:28,31.176470588235297,24.162790697674417,193.75,,,41.12068965517242,277.745,92.898,0.0,42.56,0.0
395,2020-07-12 08:40:29,43.88157894736843,39.03846153846155,92.27272727272728,4.891304347826086,58.33333333333333,45.22727272727273,0.0,610.9790419161677,0.0,0.0,0.0
396,2020-07-12 08:40:30,40.3125,30.93750000000001,100.0,4.500000000000001,27.500000000000032,24.060000000000006,0.0,246.23952095808383,0.0,0.007984031936127744,355.65269461077844
397,2020-07-12 08:40:31,80.68181818181819,204.03225806451613,180.0,60.000000000000014,6.000000000000001,45.0,36.264,260.679,9.36,0.0,0.0
398,2020-07-12 08:40:32,32.10526315789475,36.25000000000001,150.00000000000006,4.95,4.5,35.62500000000001,0.0,295.4413239719158,0.0,0.0,165.17853560682045
399,2020-07-12 08:40:33,24.859374999999996,27.49999999999999,98.33333333333333,27.49999999999999,9.0,24.231707317073173,5.066995073891626,438.99310344827586,0.0,0.0,7.822660098522168
400,2020-07-12 08:40:34,91.4,60.0,47.50000000000001,,4.500000000000001,43.92857142857144,290.5649087221095,321.88336713995943,0.0,0.0,0.0
401,2020-07-12 08:40:35,46.75,63.0,115.00000000000014,,,41.25000000000001,64.47545717035612,125.92492781520694,0.1973051010587103,0.0,726.2512030798845
402,2020-07-12 08:40:36,85.20000000000003,65.00000000000001,235.00000000000003,84.28571428571429,72.50000000000003,90.13157894736842,53.26381647549531,65.18978102189782,0.0,0.0,0.0
403,2020-07-12 08:40:37,49.525316455696206,66.66666666666667,207.14285714285714,,,87.8409090909091,0.0,40.248,0.0,0.0,102.703
404,2020-07-12 08:40:38,24.07446808510639,19.384615384615387,95.0,4.500000000000001,55.000000000000064,38.22916666666668,190.00997008973084,549.801595214357,0.0,32.08973080757727,0.0
405,2020-07-12 08:40:39,49.54545454545456,34.49999999999999,99.0,4.95,4.714285714285715,49.583333333333364,0.0,482.9046184738956,0.0,0.0,0.0
406,2020-07-12 08:40:40,34.41176470588237,56.66666666666663,190.00000000000006,75.00000000000001,8.000000000000002,40.000000000000014,0.0,478.0904572564612,0.0,0.0,155.3558648111332
407,2020-07-12 08:40:41,35.39473684210527,22.59302325581396,205.00000000000003,59.99999999999996,9.333333333333336,43.984375000000014,80.8006012024048,429.0531062124249,8.056112224448897,0.0,0.0
408,2020-07-12 08:40:42,47.01388888888889,23.09322033898305,88.75,63.33333333333338,4.500000000000001,28.214285714285758,0.0,544.4909638554217,0.0,0.0,141.29618473895582
409,2020-07-12 08:40:43,48.1,26.805555555555557,160.00000000000014,4.500000000000001,4.500000000000001,40.26315789473685,92.9431704885344,279.2263210368893,0.0,0.0,6.293120638085744
410,2020-07-12 08:40:44,22.1875,28.676470588235297,140.00000000000006,,,42.692307692307715,188.983016983017,513.2047952047952,0.0,0.0,0.0
411,2020-07-12 08:40:45,41.875,37.67241379310346,48.82352941176471,4.500000000000001,63.33333333333335,34.464285714285715,55.81644934804413,606.0591775325978,0.205616850551655,0.0,985.4784353059177
412,2020-07-12 08:40:46,32.77777777777779,66.66666666666666,89.28571428571429,4.764705882352943,4.500000000000001,45.45454545454545,27.176470588235297,449.8664007976072,0.0,0.0,0.0
413,2020-07-12 08:40:47,36.666666666666686,24.973214285714285,115.00000000000021,4.500000000000001,4.95,46.250000000000014,0.0,367.83951855566704,0.0,0.0,89.53159478435306
414,2020-07-12 08:40:48,60.000000000000036,45.50000000000001,230.0,43.571428571428584,55.00000000000001,44.218750000000014,183.32532532532534,489.4114114114114,0.0,42.6026026026026,0.0
415,2020-07-12 08:40:49,33.43749999999999,28.65384615384614,92.66666666666667,4.500000000000001,5.5,49.15,0.0,476.08557213930357,0.0,0.0,0.0
416,2020-07-12 08:40:50,26.428571428571466,37.05882352941177,232.0,4.500000000000001,69.0,36.94444444444445,0.0,485.51335311572706,0.0,0.0,126.60237388724036
417,2020-07-12 08:40:51,76.07142857142858,23.89473684210526,202.0,,,51.00000000000003,102.03752535496957,241.76369168357,8.823529411764707,0.0,0.0
418,2020-07-12 08:40:52,44.270833333333336,113.92857142857137,92.85714285714286,21.333333333333336,9.66666666666667,24.912621359223305,0.0,471.39579158316633,0.0,0.0,139.9298597194389
419,2020-07-12 08:40:53,33.75000000000003,42.21153846153846,67.50000000000003,4.764705882352941,4.500000000000001,37.30769230769232,149.7942057942058,474.1958041958042,0.0,0.0,11.316683316683319
420,2020-07-12 08:40:54,23.78260869565218,37.34375000000001,77.5,4.500000000000001,4.90909090909091,27.000000000000032,189.863,375.716,0.0,0.0,0.0
421,2020-07-12 08:40:55,38.80952380952383,38.79629629629629,72.5,4.500000000000001,4.500000000000001,40.777777777777786,100.74850299401197,449.4950099800399,0.20459081836327345,0.0,973.4421157684632
422,2020-07-12 08:40:56,43.088235294117666,24.830188679245285,182.5,4.8,55.00000000000005,26.718750000000007,16.30604288499025,314.6393762183236,0.0,0.0,0.0
423,2020-07-12 08:40:57,90.45454545454545,46.24999999999999,92.50000000000003,4.5,4.500000000000001,24.77358490566038,0.0,383.03395061728395,0.0,0.0,351.89300411522635
424,2020-07-12 08:40:58,60.66666666666665,64.61538461538466,180.00000000000003,76.66666666666667,4.500000000000001,35.937500000000014,180.97339901477835,200.15172413793104,0.0,38.52413793103449,0.0
425,2020-07-12 08:40:59,79.61538461538464,149.28571428571433,215.71428571428572,86.0,4.500000000000001,27.045454545454575,0.0,518.3141414141414,0.0,0.0,0.0
426,2020-07-12 08:41:00,29.090909090909147,65.22727272727275,175.0,66.66666666666671,80.83333333333337,26.250000000000025,0.0,469.2110552763819,0.0,0.0,32.54371859296482
427,2020-07-12 08:41:01,45.12499999999999,53.076923076923066,214.00000000000003,75.00000000000001,4.875,34.99999999999999,142.8003992015968,360.72954091816365,9.161676646706587,0.0,0.0
428,2020-07-12 08:41:02,28.863636363636367,91.75,86.42857142857144,4.500000000000001,4.500000000000001,40.648148148148145,0.0,460.76452905811624,0.0,0.0,65.85270541082164
429,2020-07-12 08:41:03,36.60714285714286,22.573529411764707,225.0,15.625,70.00000000000001,22.263513513513516,200.14,344.211,0.0,0.0,73.292
430,2020-07-12 08:41:04,24.749999999999996,48.586956521739154,145.00000000000009,37.5,7.499999999999999,29.722222222222218,80.91864716636198,436.77056672760506,0.0,0.0,0.0
431,2020-07-12 08:41:05,41.63043478260871,192.2727272727273,85.625,4.500000000000001,25.0,33.83333333333337,157.2301075268817,67.80967741935483,0.2204301075268817,0.0,1025.4311827956988
432,2020-07-12 08:41:06,40.3125,92.42424242424245,93.33333333333336,4.749999999999999,52.49999999999999,41.77777777777777,30.356932153392332,369.67649950835795,0.0,0.0,0.0
433,2020-07-12 08:41:07,24.546511627906984,45.476190476190474,175.00000000000009,65.0,4.500000000000001,22.0,0.0,434.65173116089613,0.0,0.0,270.1435845213849
434,2020-07-12 08:41:08,175.0,83.33333333333334,95.0,4.500000000000001,9.500000000000002,132.14285714285714,175.328125,55.0341796875,0.0,39.484375,0.0
435,2020-07-12 08:41:09,55.00000000000008,29.375000000000014,232.6923076923077,,,77.91666666666669,0.0,0.0,0.0,0.0,0.0
436,2020-07-12 08:41:10,84.34782608695654,84.47368421052632,227.5,82.50000000000001,4.500000000000001,23.833333333333332,0.0,256.55114200595835,0.0,0.0,94.12115193644489
437,2020-07-12 08:41:11,46.7391304347826,203.88888888888889,234.06249999999997,,,88.46153846153847,15.080530071355758,202.17940876656473,7.6452599388379205,0.0,0.0
438,2020-07-12 08:41:12,71.05263157894736,23.184210526315795,100.0,19.6,55.00000000000001,67.61904761904765,0.0,536.7157157157156,0.0,0.0,101.88188188188188
439,2020-07-12 08:41:13,72.4074074074074,45.75000000000006,85.0,4.500000000000001,4.500000000000001,46.50000000000001,178.9940239043825,474.02589641434264,0.0,0.0,10.983067729083665
440,2020-07-12 08:41:14,24.672727272727276,127.85714285714289,60.00000000000001,4.500000000000001,8.000000000000002,43.05555555555554,132.67149758454107,473.83768115942036,0.0,0.0,0.0
441,2020-07-12 08:41:15,39.31034482758621,44.93750000000001,78.33333333333336,4.500000000000001,4.714285714285715,35.41666666666668,71.70790020790021,459.7193347193347,0.2130977130977131,0.0,736.3731808731809
442,2020-07-12 08:41:16,42.77777777777778,25.20833333333332,85.00000000000001,,,36.25000000000001,14.216,488.869,0.0,0.0,0.0
443,2020-07-12 08:41:17,45.13157894736842,23.169491525423734,84.99999999999999,4.764705882352941,4.764705882352941,30.625000000000004,0.0,526.325,0.0,0.0,141.826
444,2020-07-12 08:41:18,135.00000000000006,60.29411764705882,220.0,4.7142857142857135,4.95,23.046511627906984,187.5143706640238,457.8622398414272,0.0,31.63528245787909,0.0
445,2020-07-12 08:41:19,33.0,31.730769230769244,210.0,77.50000000000003,55.00000000000005,35.65789473684212,0.0,246.07568113017155,0.0,0.0,0.0
446,2020-07-12 08:41:20,30.789473684210538,29.58333333333335,86.0,4.714285714285714,4.95,23.23913043478261,0.0,524.21,0.0,0.0,166.453
447,2020-07-12 08:41:21,30.833333333333343,29.423076923076945,95.71428571428571,,,21.833333333333336,55.115612648221344,209.59189723320156,8.596837944664031,0.0,0.0
448,2020-07-12 08:41:22,33.97058823529413,19.600000000000005,97.0,6.000000000000011,70.00000000000003,35.25000000000001,0.0,337.214501510574,0.0,0.0,195.6455186304129
449,2020-07-12 08:41:23,52.50000000000007,69.31818181818181,77.49999999999994,4.714285714285715,4.500000000000001,28.461538461538463,157.7660642570281,572.6114457831326,0.0,0.0,83.96887550200803
450,2020-07-12 08:41:24,25.76923076923078,41.682692307692314,90.0,4.5,5.499999999999998,39.351851851851855,261.382,529.615,0.0,0.0,0.0
451,2020-07-12 08:41:25,35.714285714285715,37.79411764705883,87.50000000000001,6.333333333333335,4.95,23.92857142857143,108.454,441.102,0.205,0.0,991.463
452,2020-07-12 08:41:26,42.49999999999999,65.00000000000006,171.2500000000001,,,42.400000000000006,1.9485436893203882,378.1029126213592,0.0,0.0,0.0
453,2020-07-12 08:41:27,71.75000000000001,72.03703703703705,180.0,54.999999999999986,4.500000000000001,24.02941176470589,0.0,562.9855670103093,0.0,0.0,0.0
454,2020-07-12 08:41:28,41.59090909090908,33.07692307692309,190.00000000000006,72.50000000000004,4.714285714285715,24.202531645569618,210.3886113886114,591.6573426573427,0.0,42.51748251748252,0.0
455,2020-07-12 08:41:29,72.27272727272731,21.74390243902439,197.5,4.764705882352942,11.5,30.156249999999986,0.0,466.7557557557558,0.0,0.0,0.0
456,2020-07-12 08:41:30,24.09558823529412,34.99999999999999,130.0000000000001,22.00000000000002,4.500000000000001,24.850000000000005,0.0,431.2320388349515,0.0,0.007766990291262136,248.90388349514564
457,2020-07-12 08:41:31,36.87500000000001,22.736363636363638,107.50000000000003,,,37.647058823529406,86.17368961973278,476.0246659815005,10.298047276464544,0.0,0.0
458,2020-07-12 08:41:32,38.666666666666664,59.37500000000005,80.0,4.500000000000001,4.500000000000001,22.684782608695656,0.0,188.3427135678392,0.0,0.0,83.85527638190955
459,2020-07-12 08:41:33,24.091549295774655,59.21052631578954,79.99999999999999,50.00000000000009,4.736842105263158,23.838709677419356,130.25874125874128,428.68931068931073,0.0,0.0,105.86813186813188
460,2020-07-12 08:41:34,142.00000000000003,81.34146341463416,210.00000000000003,7.5,37.50000000000001,34.53703703703704,188.84784784784785,572.3583583583584,0.0,0.0,0.0
461,2020-07-12 08:41:35,31.527777777777807,35.76923076923079,75.00000000000001,4.500000000000001,4.500000000000001,32.142857142857146,81.799,211.479,0.205,0.0,1124.552
462,2020-07-12 08:41:36,26.071428571428594,32.91666666666666,139.99999999999997,4.500000000000001,16.00000000000002,22.4375,12.423728813559322,452.1196410767697,0.0,0.0,0.0
463,2020-07-12 08:41:37,139.99999999999994,24.38235294117647,97.0,52.500000000000064,5.0,32.06521739130436,0.0,517.875,0.0,0.0,0.0
464,2020-07-12 08:41:38,55.41666666666671,132.8125,224.5,4.500000000000001,4.75,58.84615384615388,256.1868686868687,508.86161616161615,0.0,43.52727272727273,0.0
465,2020-07-12 08:41:39,44.67741935483872,40.069444444444464,210.62500000000006,65.00000000000004,4.500000000000001,31.17647058823532,0.0,415.665,0.0,0.0,0.0
466,2020-07-12 08:41:40,24.045454545454547,40.0,47.5,4.500000000000001,4.500000000000001,38.33333333333334,0.0,302.434,0.0,0.0,238.722
467,2020-07-12 08:41:41,77.30769230769229,48.95833333333334,95.0,,,46.25,81.60437375745526,56.01888667992048,9.363817097415508,0.0,0.0
468,2020-07-12 08:41:42,92.63157894736845,70.83333333333336,235.00000000000003,45.00000000000001,6.500000000000001,195.86956521739134,0.0,185.34523809523807,0.0,0.0,93.76190476190474
469,2020-07-12 08:41:43,212.27272727272728,84.47368421052633,207.99999999999997,4.500000000000001,4.500000000000001,99.28571428571426,88.57411504424778,183.72676991150442,0.0,0.0,102.76327433628319
470,2020-07-12 08:41:44,85.09803921568628,49.411764705882355,230.0,64.99999999999997,8.166666666666666,96.90476190476191,223.99700897308077,679.034895314058,0.0,0.0,0.0
471,2020-07-12 08:41:45,76.08695652173913,37.500000000000064,92.0,4.500000000000001,4.500000000000001,55.31250000000004,85.75626880641926,506.3620862587763,0.205616850551655,0.0,892.1323971915747
472,2020-07-12 08:41:46,24.92857142857143,42.66666666666667,215.0,4.500000000000001,4.500000000000001,41.84210526315789,36.971,303.948,0.0,0.0,0.0
473,2020-07-12 08:41:47,23.023809523809526,65.62500000000001,207.50000000000003,86.66666666666667,4.8,24.938356164383563,0.0,199.00998003992015,0.0,0.0,56.20858283433134
474,2020-07-12 08:41:48,34.99999999999999,70.52631578947371,60.00000000000004,4.500000000000001,4.928571428571429,36.56250000000003,140.02902902902903,453.2862862862863,0.0,34.34834834834835,0.0
475,2020-07-12 08:41:49,40.00000000000002,94.99999999999997,80.00000000000001,4.500000000000001,4.500000000000001,28.653846153846164,0.0,494.58658658658663,0.0,0.0,0.0
476,2020-07-12 08:41:50,78.62068965517241,94.18367346938777,114.99999999999983,70.00000000000001,4.90909090909091,23.864864864864867,0.0,404.34057255676214,0.0,0.0,173.8637709772952
477,2020-07-12 08:41:51,79.13793103448275,148.2608695652174,202.49999999999997,4.949999999999999,4.5,24.391304347826097,17.20787083753784,433.4793138244198,8.355196770938447,0.0,0.0
478,2020-07-12 08:41:52,24.72727272727273,22.795918367346943,205.00000000000003,24.500000000000004,4.500000000000001,20.961538461538463,0.0,515.1440080563948,0.0,0.0,240.5005035246727
479,2020-07-12 08:41:53,24.5,22.173076923076927,209.2857142857143,41.24999999999999,4.859999999999999,30.299999999999986,149.84247258225324,460.95413758723834,0.0,0.0,60.7876370887338
480,2020-07-12 08:41:54,44.14772727272727,21.41304347826087,208.75000000000006,85.00000000000001,42.50000000000001,43.43750000000001,196.16979269496545,278.5695952615992,0.0,0.0,0.0
481,2020-07-12 08:41:55,24.05714285714286,24.812499999999996,211.42857142857144,,32.49999999999999,41.66666666666666,191.9502538071066,590.1492385786802,0.20812182741116753,0.0,914.741116751269
482,2020-07-12 08:41:56,39.19117647058823,23.747058823529414,90.71428571428572,4.833333333333335,75.83333333333334,43.12500000000001,39.8625730994152,536.9025341130605,0.0,0.0,0.0
483,2020-07-12 08:41:57,35.11904761904762,21.338235294117652,216.25000000000006,86.25000000000001,9.500000000000004,35.769230769230774,0.0,342.65050505050505,0.0,0.0,144.8939393939394
484,2020-07-12 08:41:58,35.500000000000014,23.38157894736843,172.00000000000003,4.500000000000001,42.49999999999999,32.903225806451594,173.80264496439472,366.0417090539166,0.0,43.29603255340794,0.0
485,2020-07-12 08:41:59,24.854838709677416,34.285714285714306,48.88888888888889,4.500000000000001,4.500000000000001,20.700000000000006,0.0,462.90236686390534,0.0,0.0,0.0
486,2020-07-12 08:42:00,23.625,30.00000000000002,178.00000000000009,,,28.67647058823532,0.0,534.552738336714,0.0,0.0,202.7210953346856
487,2020-07-12 08:42:01,21.464285714285715,24.441860465116275,60.00000000000006,27.500000000000018,51.66666666666668,22.244186046511633,44.23576423576424,472.956043956044,8.691308691308691,0.0,0.0
488,2020-07-12 08:42:02,28.437500000000025,36.15384615384616,225.625,48.74999999999999,47.499999999999986,22.579545454545457,0.0,453.61325420375874,0.0,0.0,165.9129574678536
489,2020-07-12 08:42:03,22.66666666666667,22.24545454545455,145.0,51.666666666666636,40.5,38.18181818181819,74.81174089068826,443.2095141700405,0.0,0.0,54.638663967611336
490,2020-07-12 08:42:04,21.861538461538462,26.527777777777754,222.14285714285717,7.250000000000003,93.12500000000001,23.789473684210527,302.30069930069936,376.91808191808195,0.0,0.0,0.0
491,2020-07-12 08:42:05,23.982142857142858,37.954545454545446,90.00000000000004,,,33.676470588235304,153.71,500.771,0.205,0.0,829.372
492,2020-07-12 08:42:06,40.93749999999996,28.035714285714285,115.00000000000018,4.500000000000001,11.499999999999993,23.718749999999996,27.076769690927218,444.740777666999,0.0,0.0,0.0
493,2020-07-12 08:42:07,106.0000000000002,95.00000000000001,178.75000000000009,4.500000000000001,75.00000000000003,39.68750000000001,0.0,489.8164493480441,0.0,0.0,166.2828485456369
494,2020-07-12 08:42:08,41.42857142857142,85.55555555555559,95.00000000000003,42.49999999999999,4.909090909090909,23.06818181818182,231.7037037037037,480.8538538538538,0.0,41.271271271271274,0.0
495,2020-07-12 08:42:09,82.12121212121212,34.16666666666669,210.00000000000003,4.500000000000001,84.00000000000001,23.352459016393446,0.0,392.62937062937067,0.0,0.0,0.0
496,2020-07-12 08:42:10,76.03448275862071,24.41304347826087,98.75000000000003,4.500000000000001,10.0,27.321428571428594,0.0,637.325,0.0,0.0,283.349
497,2020-07-12 08:42:11,64.6875,62.333333333333364,152.50000000000006,57.50000000000001,4.500000000000001,47.50000000000001,59.829702970297035,432.7930693069307,10.099009900990099,0.0,0.0
498,2020-07-12 08:42:12,47.50000000000005,27.916666666666686,91.25000000000001,4.500000000000001,83.33333333333334,27.499999999999897,0.0,245.21897073662967,0.0,0.0,205.7558022199798
499,2020-07-12 08:42:13,57.00000000000001,41.388888888888886,47.5,,,39.166666666666686,80.98701298701299,0.0,0.0,0.0,0.0
500,2020-07-12 08:42:14,87.33333333333337,79.0909090909091,229.54545454545456,42.083333333333336,4.750000000000001,133.9473684210525,205.72472472472472,299.24624624624624,0.0,0.0,0.0
501,2020-07-12 08:42:15,220.00000000000003,84.16666666666667,229.375,65.00000000000003,86.0,170.31250000000003,46.52120640904807,172.72950047125352,0.1932139491046183,0.0,760.5975494816212
502,2020-07-12 08:42:16,81.41025641025642,25.833333333333343,225.99999999999997,4.500000000000001,4.500000000000001,69.74999999999999,32.356236786469346,0.0,0.0,0.0,0.0
503,2020-07-12 08:42:17,41.66666666666667,95.00000000000001,99.09090909090911,4.500000000000001,4.500000000000001,45.689655172413794,0.0,595.8391608391609,0.0,0.0,150.77522477522479
504,2020-07-12 08:42:18,24.329787234042563,96.87500000000003,80.0,4.655172413793103,4.655172413793103,76.28571428571426,180.79032258064515,447.42237903225805,0.0,34.32258064516129,0.0
505,2020-07-12 08:42:19,182.03125,43.4016393442623,89.16666666666669,36.25000000000001,40.833333333333336,46.63461538461539,0.0,444.624,0.0,0.0,0.0
506,2020-07-12 08:42:20,38.04347826086957,157.18750000000009,91.53846153846155,4.833333333333334,4.6607142857142865,53.75000000000001,0.0,483.807,0.0,0.0,211.137
507,2020-07-12 08:42:21,47.039473684210535,73.70370370370371,95.0,,,24.340000000000007,96.11111111111111,448.7687687687688,7.927927927927928,0.0,0.0
508,2020-07-12 08:42:22,72.60869565217392,27.500000000000007,137.50000000000003,4.500000000000001,33.74999999999999,44.64285714285714,0.0,511.056974459725,0.0,0.0,120.08742632612966
509,2020-07-12 08:42:23,39.204545454545446,31.964285714285722,229.64285714285714,86.50000000000001,73.00000000000003,44.166666666666664,105.12538226299695,355.5474006116208,0.0,0.0,42.901121304791026
510,2020-07-12 08:42:24,22.921052631578945,24.727272727272734,217.5,4.5,76.66666666666667,22.32608695652174,198.12649402390437,591.0806772908367,0.0,0.0,0.0
511,2020-07-12 08:42:25,33.8888888888889,24.37931034482759,182.5,33.75,37.00000000000001,40.75000000000002,64.11546184738955,523.7238955823293,0.20582329317269077,0.0,820.1435742971888
512,2020-07-12 08:42:26,45.45454545454545,30.000000000000032,45.00000000000001,,,21.700000000000003,83.30341463414635,430.97951219512197,0.0,0.0,0.0
513,2020-07-12 08:42:27,45.000000000000014,85.13513513513513,96.15384615384616,4.875,15.249999999999996,56.1111111111111,0.0,513.2348717948718,0.0,0.0,146.79897435897436
514,2020-07-12 08:42:28,37.75862068965519,20.639534883720938,216.25,83.125,8.071428571428573,41.95945945945946,164.72427572427574,446.81618381618387,0.0,43.31468531468532,0.0
515,2020-07-12 08:42:29,39.37500000000001,27.77777777777778,49.16666666666667,4.500000000000001,4.500000000000001,23.96363636363637,0.0,192.388,0.0,0.0,0.0
516,2020-07-12 08:42:30,38.20000000000001,43.57142857142857,226.8181818181818,4.673076923076923,83.125,22.840909090909093,0.0,500.7792207792208,0.0,0.007992007992007994,425.8231768231768
517,2020-07-12 08:42:31,34.99999999999999,55.50000000000005,93.12500000000001,4.500000000000001,4.500000000000001,38.40909090909093,60.692,437.552,9.06,0.0,0.0
518,2020-07-12 08:42:32,28.166666666666664,25.833333333333346,49.72222222222222,4.846153846153847,4.781250000000001,36.931818181818194,0.0,459.4201596806387,0.0,0.0,123.23253493013972
519,2020-07-12 08:42:33,23.022727272727273,23.29807692307692,91.81818181818183,37.50000000000001,4.736842105263158,40.600000000000016,98.41641938674582,579.3590504451039,0.0,0.0,64.43620178041544
520,2020-07-12 08:42:34,23.642857142857142,37.39130434782608,46.38888888888889,4.500000000000001,4.500000000000001,23.37068965517242,356.50608519269775,129.71906693711966,0.0,0.0,0.0
521,2020-07-12 08:42:35,22.489795918367346,24.212500000000006,49.10714285714286,,,28.99999999999999,35.805,748.442,0.205,0.0,798.653
522,2020-07-12 08:42:36,37.734375000000014,22.342857142857145,130.00000000000003,5.500000000000002,5.750000000000002,37.87037037037038,57.097,180.432,0.0,0.0,0.0
523,2020-07-12 08:42:37,76.16666666666669,63.91304347826087,195.0,4.500000000000001,83.75000000000001,88.33333333333337,0.0,551.2302302302303,0.0,0.0,69.51351351351352
524,2020-07-12 08:42:38,42.435897435897445,20.96875,187.00000000000006,4.673076923076924,4.86,38.82812500000002,152.51696606786427,332.76447105788424,0.0,42.4750499001996,0.0
525,2020-07-12 08:42:39,24.92857142857143,68.63636363636367,84.99999999999999,4.875000000000001,4.875000000000001,28.409090909090967,0.0,605.958041958042,0.0,0.0,0.0
526,2020-07-12 08:42:40,25.00000000000003,24.260563380281692,229.54545454545456,85.83333333333334,78.75000000000001,36.590909090909115,0.0,529.0870870870871,0.0,0.0,453.06306306306305
527,2020-07-12 08:42:41,39.16666666666668,42.500000000000014,232.00000000000003,,,37.65625,72.82951146560319,324.6640079760718,9.212362911266203,0.0,0.0
528,2020-07-12 08:42:42,42.44186046511628,60.789473684210506,137.5,4.725,4.973684210526316,27.941176470588232,0.0,447.017017017017,0.0,0.0,91.01501501501501
529,2020-07-12 08:42:43,43.00000000000001,73.46153846153847,91.24999999999999,4.500000000000001,85.00000000000001,41.07142857142858,188.12048192771084,434.38253012048193,0.0,0.0,54.035140562249
530,2020-07-12 08:42:44,22.85000000000001,217.79411764705884,71.6666666666667,8.499999999999998,7.7499999999999964,23.107142857142854,246.84630738522952,452.88223552894215,0.0,0.0,0.0
531,2020-07-12 08:42:45,44.72222222222223,93.33333333333334,,7.5,4.500000000000001,41.911764705882355,21.71171171171171,19.90990990990991,0.20520520520520522,0.0,910.6946946946947
532,2020-07-12 08:42:46,150.76923076923077,118.75000000000011,375.0,90.00000000000001,70.0,64.375,54.19519519519519,152.23723723723725,0.0,0.0,0.0
533,2020-07-12 08:42:47,208.8709677419355,95.86956521739131,95.0,,,94.14893617021278,0.0,112.71,0.0,0.0,10.423
534,2020-07-12 08:42:48,191.76470588235296,96.66666666666669,234.3181818181818,46.42857142857143,7.928571428571431,49.10714285714286,142.627,409.072,0.0,32.984,0.0
535,2020-07-12 08:42:49,216.5909090909091,173.00000000000006,233.92857142857142,45.00000000000001,4.500000000000001,163.99999999999997,0.0,378.4205794205795,0.0,0.0,0.0
536,2020-07-12 08:42:50,77.69230769230771,78.96551724137932,227.5,4.500000000000001,92.50000000000001,36.87499999999999,0.0,464.15893385982235,0.0,0.0,272.9595261599211
537,2020-07-12 08:42:51,91.95652173913044,95.78431372549021,94.00000000000001,12.5,15.700000000000006,97.38095238095241,50.79,413.486,7.2,0.0,0.0
538,2020-07-12 08:42:52,31.818181818181834,90.90909090909089,224.99999999999997,4.5,80.0,45.27777777777778,0.0,446.7438180019783,0.0,0.0,47.90009891196835
539,2020-07-12 08:42:53,23.714285714285722,98.05555555555556,175.00000000000006,25.0,68.33333333333333,47.321428571428584,163.3053278688525,418.5870901639345,0.0,0.0,44.2797131147541
540,2020-07-12 08:42:54,165.0,196.3461538461538,225.0,66.66666666666667,83.00000000000001,48.67187499999999,143.9189189189189,458.3203203203203,0.0,0.0,0.0
541,2020-07-12 08:42:55,43.46153846153845,101.00000000000011,130.00000000000017,88.8888888888889,7.749999999999999,29.999999999999996,41.95104895104895,0.0,0.20479520479520483,0.0,707.97002997003
542,2020-07-12 08:42:56,58.124999999999986,233.50000000000003,235.00000000000003,60.00000000000006,137.49999999999994,36.30952380952383,66.84415584415585,581.0689310689311,0.0,0.0,0.0
543,2020-07-12 08:42:57,92.2857142857143,91.60714285714286,91.66666666666667,93.33333333333333,19.750000000000004,23.102941176470583,0.0,371.09218436873743,0.0,0.0,89.56513026052103
544,2020-07-12 08:42:58,37.01923076923077,93.58974358974359,87.5,4.764705882352942,4.764705882352942,23.056122448979593,189.23015873015873,441.81150793650795,0.0,40.90277777777778,0.0
545,2020-07-12 08:42:59,42.361111111111114,89.70588235294117,225.625,81.66666666666667,19.5,24.6484375,0.0,420.95395395395394,0.0,0.0,0.0
546,2020-07-12 08:43:00,38.874999999999986,88.42105263157899,233.5,84.99999999999999,14.500000000000012,38.16666666666667,0.0,463.61422845691385,0.0,0.0,332.17034068136275
547,2020-07-12 08:43:01,87.71929824561404,185.55555555555554,220.0,82.50000000000001,95.00000000000001,87.69230769230775,95.39899497487437,266.6653266331658,9.70854271356784,0.0,0.0
548,2020-07-12 08:43:02,63.75,183.5714285714286,95.0,84.99999999999999,21.78571428571429,42.833333333333336,0.0,382.0798403193613,0.0,0.0,19.347305389221557
549,2020-07-12 08:43:03,174.37500000000006,211.1764705882353,211.42857142857144,72.50000000000003,20.50000000000001,60.26315789473681,107.42084168336673,387.1533066132265,0.0,0.0,56.44488977955912
550,2020-07-12 08:43:04,36.30000000000001,192.72727272727275,229.375,,,163.75,172.89110889110893,413.73726273726277,0.0,0.0,0.0
551,2020-07-12 08:43:05,39.89583333333334,141.99999999999997,235.00000000000003,48.46153846153847,21.625,29.078947368421048,43.604,440.842,0.205,0.0,1067.271
552,2020-07-12 08:43:06,171.99999999999994,334.6153846153845,175.0,72.50000000000003,4.714285714285715,59.6153846153847,88.12906403940887,261.43251231527097,0.0,0.0,0.0
553,2020-07-12 08:43:07,71.52173913043478,192.34374999999994,216.25000000000003,16.000000000000007,18.250000000000004,54.72222222222221,0.0,492.7764227642277,0.0,0.0,148.0752032520325
554,2020-07-12 08:43:08,192.34375000000003,124.37499999999996,167.50000000000009,,,93.12500000000003,277.4825174825175,365.5994005994006,0.0,42.783216783216794,0.0
555,2020-07-12 08:43:09,38.75000000000001,82.90322580645163,92.50000000000001,63.33333333333339,9.083333333333336,41.532258064516135,0.0,350.0178217821782,0.0,0.0,0.0
556,2020-07-12 08:43:10,41.63461538461538,148.00000000000003,85.00000000000001,38.750000000000014,9.000000000000002,35.62499999999999,0.0,363.3618951612903,0.0,0.0,311.19052419354836
557,2020-07-12 08:43:11,24.34,207.36842105263162,287.5,52.50000000000005,20.750000000000004,60.47619047619046,70.4587064676617,383.5383084577115,9.313432835820898,0.0,0.0
558,2020-07-12 08:43:12,41.810344827586206,180.00000000000014,333.3333333333334,212.49999999999994,122.49999999999994,39.37500000000002,0.0,339.7359223300971,0.0,0.0,50.320388349514566
559,2020-07-12 08:43:13,39.33333333333333,98.37499999999999,224.99999999999997,86.66666666666667,12.999999999999998,24.842105263157894,192.96724667349028,147.51688843398156,0.0,0.0,113.05220061412487
560,2020-07-12 08:43:14,62.00000000000003,98.44444444444446,167.5,37.50000000000005,12.500000000000009,67.0,152.88336713995943,437.95436105476676,0.0,0.0,0.0
561,2020-07-12 08:43:15,61.904761904761905,164.375,81.99999999999999,4.500000000000001,4.821428571428572,22.925531914893618,51.308,334.175,0.205,0.0,755.81
562,2020-07-12 08:43:16,22.568965517241384,115.0,46.66666666666667,,,23.714285714285715,17.165346534653466,492.1306930693069,0.0,0.0,0.0
563,2020-07-12 08:43:17,81.57142857142857,191.40625,97.33333333333334,4.500000000000001,74.99999999999999,185.0,0.0,358.86464646464646,0.0,0.0,235.92121212121214
564,2020-07-12 08:43:18,35.156249999999986,97.86885245901641,115.0,12.500000000000009,4.875,66.04166666666667,262.8477611940299,458.89552238805976,0.0,35.996019900497515,0.0
565,2020-07-12 08:43:19,35.55555555555558,79.00000000000001,190.0,4.875000000000001,48.12500000000001,45.972222222222214,0.0,371.8111011638317,0.0,0.0,0.0
566,2020-07-12 08:43:20,34.44444444444445,74.375,95.0,4.500000000000001,4.500000000000001,36.363636363636374,0.0,91.32842582106456,0.0,0.0,273.20045300113253
567,2020-07-12 08:43:21,218.6764705882353,86.92307692307692,237.50000000000003,,,156.24999999999997,96.5096241979835,159.48120989917507,7.259395050412466,0.0,0.0
568,2020-07-12 08:43:22,98.12500000000009,195.76923076923075,220.0,74.00000000000003,78.33333333333336,64.64285714285714,0.0,85.96248660235798,0.0,0.0,32.5176848874598
569,2020-07-12 08:43:23,90.00000000000001,216.99999999999997,235.00000000000003,,,130.00000000000017,99.25128733264675,28.35633367662204,0.0,0.0,97.90422245108137
570,2020-07-12 08:43:24,75.96153846153847,183.62500000000003,97.5,7.999999999999998,9.333333333333332,42.97619047619049,186.093,465.851,0.0,0.0,0.0
571,2020-07-12 08:43:25,25.833333333333346,97.8,192.5,74.00000000000003,7.833333333333335,84.375,31.967,342.971,0.205,0.0,638.43
572,2020-07-12 08:43:26,45.15624999999999,159.00000000000006,49.09090909090909,4.5,4.5,36.84782608695654,35.44333996023857,424.46918489065604,0.0,0.0,0.0
573,2020-07-12 08:43:27,32.22222222222224,96.875,97.22222222222223,4.500000000000001,36.66666666666666,41.07142857142856,0.0,434.3943661971831,0.0,0.0,150.27565392354126
574,2020-07-12 08:43:28,36.41304347826088,201.71875000000003,130.0,4.500000000000001,5.0,39.60526315789474,164.1207584830339,417.6367265469062,0.0,31.590818363273453,0.0
575,2020-07-12 08:43:29,21.176470588235297,120.29411764705877,202.0,38.33333333333334,40.00000000000006,43.90625,0.0,423.67735470941886,0.0,0.0,0.0
576,2020-07-12 08:43:30,23.70192307692308,179.28571428571433,385.0,4.500000000000001,90.71428571428572,45.967741935483865,0.0,403.80280280280283,0.0,0.008008008008008008,159.84884884884883
577,2020-07-12 08:43:31,31.499999999999986,216.8421052631579,60.00000000000001,4.500000000000001,4.500000000000001,33.809523809523796,84.36276391554702,323.6429942418426,8.406909788867562,0.0,0.0
578,2020-07-12 08:43:32,23.32857142857143,98.12500000000001,220.0,4.500000000000001,83.33333333333334,44.54545454545456,0.0,455.0938477580813,0.0,0.0,105.56100104275288
579,2020-07-12 08:43:33,99.58333333333333,239.20000000000002,356.24999999999994,250.0,10.0,61.75000000000005,214.724,258.66,0.0,0.0,5.392
580,2020-07-12 08:43:34,133.52941176470597,93.66071428571429,97.50000000000001,,,28.33333333333336,177.06306306306308,473.2522522522523,0.0,0.0,0.0
581,2020-07-12 08:43:35,53.333333333333265,113.12500000000017,174.99999999999994,4.714285714285714,77.99999999999999,23.416666666666668,15.3812375249501,359.7774451097804,0.20459081836327345,0.0,1106.741516966068
582,2020-07-12 08:43:36,35.93750000000001,93.0357142857143,76.66666666666666,4.5,27.499999999999993,22.576923076923077,45.057,435.125,0.0,0.0,0.0
583,2020-07-12 08:43:37,29.166666666666696,96.4864864864865,213.57142857142858,,,146.07142857142853,0.0,429.93093093093097,0.0,0.0,211.54454454454455
584,2020-07-12 08:43:38,46.02272727272726,236.875,216.25000000000003,85.55555555555556,21.250000000000007,75.51724137931035,227.57455268389663,312.7485089463221,0.0,41.77733598409543,0.0
585,2020-07-12 08:43:39,29.375000000000018,93.22222222222221,232.49999999999997,82.50000000000001,96.42857142857143,43.62903225806452,0.0,478.0845070422535,0.0,0.0,0.0
586,2020-07-12 08:43:40,38.75000000000001,92.00000000000001,160.00000000000003,,,46.92307692307692,0.0,387.1545988258317,0.0,0.0,89.61545988258317
587,2020-07-12 08:43:41,24.090163934426236,95.5,223.33333333333331,56.66666666666667,9.11111111111111,32.916666666666686,97.29754601226995,419.0122699386503,9.693251533742332,0.0,0.0
588,2020-07-12 08:43:42,24.56578947368422,86.48648648648648,91.25,65.00000000000003,88.33333333333333,24.049999999999997,0.0,379.18084066471164,0.0,0.0,25.671554252199417
589,2020-07-12 08:43:43,75.62499999999999,359.3750000000001,234.16666666666663,44.583333333333336,33.750000000000014,46.388888888888886,77.34253578732105,299.64212678936605,0.0,0.0,0.0
590,2020-07-12 08:43:44,59.99999999999999,198.22580645161293,226.66666666666666,46.66666666666667,41.24999999999999,41.69354838709678,202.95,300.698,0.0,0.0,0.0
591,2020-07-12 08:43:45,44.274193548387096,95.55555555555556,84.99999999999999,,,33.75,40.56056056056056,354.14914914914914,0.20520520520520522,0.0,1016.9049049049049
592,2020-07-12 08:43:46,67.72727272727275,96.55555555555554,197.5,28.33333333333335,9.000000000000002,58.043478260869605,101.7609126984127,455.2748015873016,0.0,0.0,0.0
593,2020-07-12 08:43:47,24.769230769230774,86.53846153846155,80.0,13.75,45.00000000000001,39.347826086956516,0.0,439.93447580645164,0.0,0.0,261.33165322580646
594,2020-07-12 08:43:48,48.2608695652174,97.8,85.00000000000001,4.891304347826087,4.68,47.91666666666667,229.739,408.619,0.0,42.56,0.0
595,2020-07-12 08:43:49,77.66666666666669,191.6666666666667,93.63636363636364,4.500000000000001,19.00000000000001,37.50000000000001,0.0,371.29429429429433,0.0,0.0,0.0
596,2020-07-12 08:43:50,41.27450980392157,92.04545454545456,89.16666666666666,,6.250000000000002,24.896039603960396,0.0,419.0505952380952,0.0,0.0,171.375
597,2020-07-12 08:43:51,39.12500000000001,87.8846153846154,233.5,60.00000000000002,9.750000000000002,68.52941176470591,95.68378650553876,464.25579053373616,8.640483383685801,0.0,0.6666666666666666
598,2020-07-12 08:43:52,22.608108108108116,91.92307692307692,230.0,73.33333333333334,73.33333333333334,35.22727272727275,0.0,461.32610837438426,0.0,0.0,66.63743842364534
599,2020-07-12 08:43:53,24.915094339622634,198.78048780487805,227.5,41.42857142857143,8.000000000000004,49.19642857142854,117.9532994923858,358.21319796954316,0.0,0.0,0.0
600,2020-07-12 08:43:54,175.00000000000006,230.86206896551724,235.00000000000003,,,87.85714285714289,267.2634194831014,354.45825049701784,0.0,0.0,0.0
601,2020-07-12 08:43:55,23.172727272727276,157.85714285714286,211.00000000000003,4.846153846153847,40.0,43.666666666666686,41.289447236180905,54.01206030150754,0.20603015075376885,0.0,1077.478391959799
602,2020-07-12 08:43:56,44.20454545454545,99.44444444444444,47.5,4.500000000000001,8.000000000000002,84.99999999999999,95.60860860860862,125.23623623623624,0.0,0.0,0.0
603,2020-07-12 08:43:57,92.95454545454545,233.23529411764707,224.99999999999997,92.5,81.25,193.94736842105266,0.0,0.0,0.0,0.0,193.99500499500502
604,2020-07-12 08:43:58,50.38461538461537,214.42857142857144,212.50000000000006,91.25000000000001,69.99999999999999,75.6818181818182,103.22477522477524,224.00599400599404,0.0,33.48251748251749,0.0
605,2020-07-12 08:43:59,169.44444444444446,174.99999999999994,1750.0000000000007,4.500000000000001,4.78125,86.18421052631581,0.0,357.049147442327,0.0,0.0,0.0
606,2020-07-12 08:44:00,164.16666666666663,187.77777777777777,234.3181818181818,,,69.00000000000003,0.0,319.88346613545815,0.0,0.0,134.16235059760956
607,2020-07-12 08:44:01,140.0000000000001,196.92307692307693,85.0000000000001,33.333333333333336,21.249999999999996,45.65384615384617,72.65976331360946,456.59072978303743,8.106508875739646,0.0,0.0
608,2020-07-12 08:44:02,42.76315789473685,93.86363636363637,93.75,,,53.750000000000036,0.0,392.31269035532995,0.0,0.0,81.28934010152284
609,2020-07-12 08:44:03,24.085365853658544,186.25000000000003,230.83333333333334,4.86,22.681818181818183,85.3448275862069,83.46339017051153,424.0932798395185,0.0,0.0,19.164493480441323
610,2020-07-12 08:44:04,48.77659574468085,88.75,170.00000000000006,,,44.93750000000001,208.10989010989013,286.79920079920083,0.0,0.0,0.0
611,2020-07-12 08:44:05,46.36363636363637,145.74999999999997,93.46153846153847,78.33333333333337,7.833333333333337,44.795918367346935,31.921078921078927,504.37662337662346,0.20479520479520483,0.0,867.954045954046
612,2020-07-12 08:44:06,86.42857142857143,313.3333333333336,91.66666666666667,8.785714285714285,8.833333333333332,83.33333333333331,82.15831663326652,374.6022044088176,0.0,0.0,0.0
613,2020-07-12 08:44:07,44.46428571428573,141.6666666666667,232.2727272727273,48.92857142857144,78.33333333333337,49.28571428571429,0.0,392.6523476523477,0.0,0.0,60.554445554445564
614,2020-07-12 08:44:08,65.90909090909092,95.26315789473685,232.85714285714286,36.50000000000001,16.500000000000004,45.88709677419356,123.943,260.906,0.0,41.496,0.0
615,2020-07-12 08:44:09,36.73913043478262,160.0,170.00000000000003,,,25.909090909090942,0.0,460.6176176176176,0.0,0.0,0.0
616,2020-07-12 08:44:10,42.50000000000001,86.7857142857143,220.00000000000003,38.33333333333333,9.5,25.227272727272723,0.0,460.1428571428572,0.0,0.0,209.13686313686316
617,2020-07-12 08:44:11,79.04761904761907,158.84615384615392,88.1818181818182,4.928571428571428,7.833333333333337,72.61904761904755,142.48107569721114,203.144422310757,8.366533864541832,0.0,0.0
618,2020-07-12 08:44:12,33.666666666666664,215.5,208.00000000000003,73.33333333333333,4.500000000000001,38.94736842105264,0.0,431.54743833017073,0.0,0.0,65.71726755218216
619,2020-07-12 08:44:13,42.00000000000001,163.3333333333334,216.99999999999997,76.00000000000003,8.8,42.82894736842106,177.18602261048306,370.0277492291881,0.0,0.0,35.87358684480987
620,2020-07-12 08:44:14,36.00000000000001,104.50000000000011,231.53846153846152,42.49999999999999,46.0,59.11764705882354,197.33849329205367,211.77399380804954,0.0,0.0,0.0
621,2020-07-12 08:44:15,45.21551724137932,181.52173913043478,230.5,,,61.87499999999999,44.013,416.226,0.205,0.0,1209.041
622,2020-07-12 08:44:16,27.249999999999993,163.94736842105274,114.99999999999993,75.0,5.0,37.58928571428572,27.09099616858237,383.99616858237545,0.0,0.0,0.0
623,2020-07-12 08:44:17,183.0357142857143,171.84210526315792,221.15384615384616,89.28571428571429,9.666666666666668,61.74999999999997,0.0,374.3256784968685,0.0,0.0,32.167014613778704
624,2020-07-12 08:44:18,178.28125000000006,226.60714285714286,230.0,,,160.00000000000003,189.44455544455548,197.2697302697303,0.0,39.06293706293707,0.0
625,2020-07-12 08:44:19,57.14285714285713,98.54166666666667,221.36363636363637,78.75000000000001,7.166666666666667,28.750000000000004,0.0,363.76753507014024,0.0,0.0,0.0
626,2020-07-12 08:44:20,29.374999999999993,98.38709677419355,433.33333333333337,87.22222222222223,90.41666666666667,34.687499999999964,0.0,651.8756169792696,0.0,0.0,148.5557749259625
627,2020-07-12 08:44:21,42.2,107.5000000000002,223.0,90.55555555555556,14.499999999999988,24.250000000000004,96.10964467005077,229.648730964467,9.624365482233502,0.0,0.0
628,2020-07-12 08:44:22,55.62499999999999,159.31818181818184,197.5,38.5,4.928571428571428,39.932432432432435,0.0,461.645,0.0,0.0,93.742
629,2020-07-12 08:44:23,42.09302325581396,153.68421052631587,145.0000000000001,,,35.41666666666667,197.1721393034826,399.99800995024884,0.0,0.0,0.0
630,2020-07-12 08:44:24,40.48387096774194,189.53125,97.18750000000001,4.78125,57.50000000000001,46.451612903225815,185.6143856143856,410.62437562437566,0.0,0.0,0.0
631,2020-07-12 08:44:25,41.97368421052634,87.9,91.66666666666667,4.928571428571429,4.704545454545454,30.78125,70.10642570281125,352.53614457831327,0.20582329317269077,0.0,1115.5361445783133
632,2020-07-12 08:44:26,26.25000000000004,96.25,205.00000000000006,57.500000000000014,83.00000000000001,24.084745762711865,35.83150548354936,346.0428713858425,0.0,0.0,0.0
633,2020-07-12 08:44:27,53.33333333333343,88.00000000000001,175.00000000000009,4.500000000000001,4.928571428571429,44.224137931034505,0.0,412.4954773869347,0.0,0.0,51.47537688442211
634,2020-07-12 08:44:28,171.99999999999994,200.26315789473693,85.625,,,49.77272727272727,163.09950738916257,377.64630541871924,0.0,40.09655172413793,0.0
635,2020-07-12 08:44:29,39.73214285714286,162.85714285714292,211.00000000000003,4.500000000000001,32.50000000000003,69.09090909090912,0.0,470.6912955465587,0.0,0.0,0.0
636,2020-07-12 08:44:30,24.871428571428574,182.5,92.00000000000001,4.500000000000001,4.928571428571429,50.666666666666714,0.0,353.75275275275277,0.0,0.008008008008008008,249.3963963963964
637,2020-07-12 08:44:31,41.4423076923077,212.2,220.0,,,73.75000000000001,53.927,56.355,9.48,0.0,0.0
638,2020-07-12 08:44:32,76.66666666666666,155.0000000000001,95.0,,,44.833333333333336,0.0,176.0009970089731,0.0,0.0,48.355932203389834
639,2020-07-12 08:44:33,216.5909090909091,231.02941176470588,232.85714285714283,85.83333333333333,82.99999999999999,24.27272727272728,232.9206030150754,210.16984924623117,0.0,0.0,0.0
640,2020-07-12 08:44:34,67.5,219.44444444444443,231.40000000000003,,,82.29166666666669,159.744,0.0,0.0,0.0,0.0
641,2020-07-12 08:44:35,26.363636363636385,213.26530612244898,,8.083333333333332,93.61111111111111,77.14285714285718,41.52,365.754,0.205,0.0,950.044
642,2020-07-12 08:44:36,88.24561403508773,176.87500000000003,235.00000000000003,92.5,69.99999999999999,63.750000000000014,44.70029970029971,628.4145854145855,0.0,0.0,0.0
643,2020-07-12 08:44:37,80.38461538461539,96.33333333333336,122.50000000000011,6.333333333333333,63.333333333333336,42.91666666666666,0.0,318.37337337337334,0.0,0.0,22.18118118118118
644,2020-07-12 08:44:38,34.31818181818183,84.28571428571428,94.16666666666667,,,46.6304347826087,87.589,451.65,0.0,32.452,0.0
645,2020-07-12 08:44:39,77.61904761904762,186.89655172413794,225.35714285714286,76.25,26.25000000000001,83.9583333333333,0.0,396.74725274725284,0.0,0.0,0.0
646,2020-07-12 08:44:40,93.38709677419355,134.68750000000006,92.00000000000001,4.725,24.250000000000014,66.47058823529416,0.0,267.26435643564355,0.0,0.0,218.55049504950495
647,2020-07-12 08:44:41,39.23076923076924,86.3793103448276,207.5,43.333333333333336,60.00000000000002,34.04761904761906,45.97592778335005,608.9538615847543,7.342026078234704,0.0,0.0
648,2020-07-12 08:44:42,39.01785714285714,186.75675675675683,220.0,44.50000000000001,72.50000000000001,42.87037037037037,0.0,408.636815920398,0.0,0.0,181.99203980099506
649,2020-07-12 08:44:43,27.777777777777782,97.2033898305085,130.00000000000009,82.50000000000001,7.25,24.589285714285715,171.78824721377913,376.9635258358663,0.0,0.0,58.31712259371834
650,2020-07-12 08:44:44,124.70588235294115,130.00000000000006,213.57142857142858,11.500000000000023,68.33333333333336,99.8888888888889,289.941,404.689,0.0,0.0,0.0
651,2020-07-12 08:44:45,41.637931034482754,218.8,207.14285714285714,17.125000000000007,7.250000000000005,44.55128205128205,34.042,398.647,0.205,0.0,867.097
652,2020-07-12 08:44:46,44.69999999999999,92.97872340425532,90.0,13.000000000000002,40.0,59.44444444444447,56.84431137724551,443.5309381237525,0.0,0.0,0.0
653,2020-07-12 08:44:47,48.83928571428572,176.60714285714286,178.75000000000009,4.909090909090909,4.500000000000001,56.176470588235354,0.0,349.79502487562195,0.0,0.0,81.85074626865674
654,2020-07-12 08:44:48,41.66666666666666,89.53125,220.0,82.49999999999999,14.5,40.45454545454548,119.32897384305835,429.692152917505,0.0,42.28169014084507,0.0
655,2020-07-12 08:44:49,24.400000000000006,98.18181818181817,222.99999999999997,81.00000000000001,68.33333333333336,29.791666666666693,0.0,179.192,0.0,0.0,0.0
656,2020-07-12 08:44:50,43.888888888888886,145.00000000000003,221.87500000000003,73.75000000000001,64.99999999999999,33.39285714285715,0.0,364.0871287128713,0.0,0.0,250.18118811881186
657,2020-07-12 08:44:51,80.44117647058823,210.18181818181816,64.99999999999999,,,56.0,156.48736097067746,387.6541961577351,9.706774519716886,0.0,0.0
658,2020-07-12 08:44:52,24.725000000000005,88.0357142857143,228.33333333333334,76.25000000000001,81.0,46.25000000000001,0.0,310.72184133202745,0.0,0.0,128.23016650342802
659,2020-07-12 08:44:53,36.80555555555556,94.16666666666667,200.0,4.500000000000001,4.7250000000000005,84.46428571428574,215.1270325203252,485.1880081300813,0.0,0.0,5.634146341463414
660,2020-07-12 08:44:54,47.91666666666667,88.03030303030305,65.0,,,36.87500000000001,203.6981132075472,428.5481628599802,0.0,0.0,0.0
661,2020-07-12 08:44:55,37.93103448275863,97.19298245614034,231.78571428571428,91.36363636363637,21.833333333333336,46.98717948717948,37.16497975708502,388.9848178137652,0.20748987854251014,0.0,1035.830971659919
662,2020-07-12 08:44:56,39.89130434782609,92.85714285714285,197.50000000000006,19.50000000000002,73.75000000000006,53.33333333333331,77.03677932405566,442.0765407554672,0.0,0.0,0.0
663,2020-07-12 08:44:57,81.11111111111109,193.00000000000006,227.5,91.36363636363637,52.50000000000001,43.511904761904766,0.0,391.03420523138834,0.0,0.0,58.276659959758554
664,2020-07-12 08:44:58,82.14285714285712,209.78723404255322,229.54545454545456,,,92.60869565217392,62.2284011916584,280.2303872889772,0.0,39.09433962264151,0.0
665,2020-07-12 08:44:59,37.22222222222225,133.21428571428578,80.00000000000001,36.25000000000001,9.875000000000002,38.690476190476204,0.0,507.332003988036,0.0,0.0,0.0
666,2020-07-12 08:45:00,37.065217391304344,186.81818181818184,229.54545454545456,43.21428571428572,68.33333333333336,44.1875,0.0,349.48387096774195,0.0,0.0,203.94134897360706
667,2020-07-12 08:45:01,21.705357142857146,84.54545454545455,90.45454545454545,8.16666666666667,4.725,24.703296703296697,126.97427983539094,367.798353909465,8.641975308641975,0.0,0.0
668,2020-07-12 08:45:02,219.3181818181818,108.57142857142868,211.42857142857142,68.33333333333331,68.33333333333331,31.8421052631579,0.0,397.4538152610442,0.0,0.0,63.00100401606426
669,2020-07-12 08:45:03,49.14285714285714,192.91666666666666,224.2857142857143,,,47.738095238095255,214.383,344.501,0.0,0.0,43.225
670,2020-07-12 08:45:04,30.468750000000004,87.92307692307693,187.00000000000006,79.00000000000003,65.00000000000004,36.982758620689665,167.28,444.61,0.0,0.0,0.0
671,2020-07-12 08:45:05,46.499999999999964,112.00000000000016,130.0,5.249999999999996,76.25,33.541666666666664,32.471057884231534,374.40918163672654,0.20459081836327345,0.0,977.9600798403194
672,2020-07-12 08:45:06,68.00000000000003,87.72727272727273,,,,221.875,59.966966966966964,85.46646646646646,0.0,0.0,0.0
673,2020-07-12 08:45:07,43.55263157894737,88.43750000000001,95.0,,,96.1764705882353,0.0,136.63863863863864,0.0,0.0,75.90090090090091
674,2020-07-12 08:45:08,44.256756756756765,213.8235294117647,229.64285714285717,4.500000000000001,91.92307692307693,170.79999999999998,112.313,33.15,0.0,35.112,0.0
675,2020-07-12 08:45:09,187.75000000000003,191.36363636363637,234.0,6.0,81.00000000000001,74.80769230769229,0.0,102.86786786786787,0.0,0.0,0.0
676,2020-07-12 08:45:10,48.5,217.56250000000003,222.30769230769232,,,44.094827586206904,0.0,468.8621378621379,0.0,0.0,0.0
677,2020-07-12 08:45:11,23.19117647058824,207.91666666666669,95.0,4.714285714285714,22.000000000000014,68.33333333333333,67.516,276.682,7.2,0.0,262.243
678,2020-07-12 08:45:12,39.57142857142857,87.23214285714286,220.0,91.00000000000001,19.6,57.35294117647065,0.0,409.46146146146145,0.0,0.0,118.43643643643642
679,2020-07-12 08:45:13,134.50000000000023,106.81818181818173,216.25,,,75.3125,198.65350444225075,486.228035538006,0.0,0.0,30.39881539980257
680,2020-07-12 08:45:14,212.89473684210526,421.66666666666674,232.6923076923077,4.714285714285714,9.499999999999995,64.4444444444444,179.1766467065868,335.42215568862275,0.0,0.0,0.0
681,2020-07-12 08:45:15,42.49999999999999,87.66666666666667,97.2727272727273,24.999999999999975,52.499999999999986,36.25000000000002,15.949494949494948,221.37070707070708,0.20707070707070707,0.0,796.850505050505
682,2020-07-12 08:45:16,49.90740740740739,209.7058823529412,232.1875,90.45454545454547,9.954545454545455,41.057692307692314,59.11377245508982,382.6736526946108,0.0,0.0,0.0
683,2020-07-12 08:45:17,46.987179487179475,96.52542372881358,90.00000000000003,4.8,59.99999999999996,38.984375,0.0,373.10721442885773,0.0,0.0,96.20541082164328
684,2020-07-12 08:45:18,24.372727272727268,193.125,190.0,55.000000000000036,60.000000000000014,40.62499999999999,128.01150527325026,316.5599232981784,0.0,36.72483221476511,0.0
685,2020-07-12 08:45:19,201.08695652173913,203.23529411764707,228.43750000000003,41.66666666666667,9.500000000000002,86.52173913043478,0.0,461.295907660021,0.0,0.0,0.0
686,2020-07-12 08:45:20,38.250000000000014,92.89473684210526,185.00000000000006,14.499999999999998,65.0,25.76923076923078,0.0,433.128,0.0,0.0,85.549
687,2020-07-12 08:45:21,36.80000000000001,91.13207547169812,114.99999999999994,54.999999999999986,60.000000000000014,27.11538461538463,90.158,417.976,9.54,0.0,63.11
688,2020-07-12 08:45:22,35.576923076923066,130.0000000000001,218.125,88.75000000000003,9.900000000000002,24.541176470588233,0.0,386.1712871287129,0.0,0.0,196.3950495049505
689,2020-07-12 08:45:23,23.897959183673475,91.25,185.0,60.00000000000002,4.500000000000001,23.25510204081633,132.63030303030303,422.44848484848484,0.0,0.0,17.353535353535353
690,2020-07-12 08:45:24,80.96774193548389,99.03846153846155,90.00000000000001,75.00000000000001,8.833333333333336,54.000000000000014,170.426,385.034,0.0,0.0,0.0
691,2020-07-12 08:45:25,47.50000000000003,183.24999999999994,140.00000000000006,7.75,5.250000000000004,61.47058823529415,46.3986083499006,448.77335984095424,0.20377733598409542,0.0,945.3220675944334
692,2020-07-12 08:45:26,37.023809523809526,102.30769230769255,231.24999999999997,,,48.23529411764706,64.5933014354067,332.5473684210526,0.0,0.0,0.0
693,2020-07-12 08:45:27,33.333333333333336,199.23076923076925,175.00000000000006,81.0,68.33333333333331,46.38297872340426,0.0,363.9360587002097,0.0,0.0,188.37211740041928
694,2020-07-12 08:45:28,40.09259259259259,212.64705882352942,85.00000000000001,79.0,8.624999999999998,37.64705882352942,250.0773092369478,450.4769076305221,0.0,41.1285140562249,0.0
695,2020-07-12 08:45:29,44.583333333333336,303.8461538461541,229.23076923076925,90.50000000000001,68.33333333333337,42.937500000000014,0.0,161.06480558325026,0.0,0.0,0.0
696,2020-07-12 08:45:30,189.4230769230769,91.46341463414635,211.00000000000003,,,53.636363636363704,0.0,281.32238805970155,0.0,0.007960199004975126,132.4915422885572
697,2020-07-12 08:45:31,123.0000000000001,98.24324324324324,375.0000000000001,46.94444444444445,65.00000000000003,42.22222222222223,119.77390438247012,419.3247011952191,9.382470119521914,0.0,0.0
698,2020-07-12 08:45:32,24.04347826086957,191.53846153846152,159.99999999999997,4.749999999999999,4.749999999999999,71.0714285714286,0.0,452.47623862487364,0.0,0.0,114.43579373104146
699,2020-07-12 08:45:33,38.51851851851852,183.86363636363635,150.0000000000002,4.973684210526316,39.50000000000001,43.04054054054055,129.3287804878049,342.7678048780488,0.0,0.0,47.85170731707318
700,2020-07-12 08:45:34,60.27777777777783,232.00000000000009,178.75000000000003,,,90.9090909090909,189.79918864097365,507.27383367139964,0.0,0.0,0.0
701,2020-07-12 08:45:35,89.6774193548387,227.27272727272725,229.375,4.5,178.74999999999997,40.865384615384606,42.03538928210313,149.1577350859454,0.20728008088978767,0.0,1040.3781597573306
702,2020-07-12 08:45:36,46.07142857142857,84.75,95.0,85.00000000000001,9.916666666666668,24.775000000000006,107.51574803149606,352.00885826771656,0.0,0.0,0.0
703,2020-07-12 08:45:37,77.50000000000003,96.92982456140352,130.00000000000009,27.499999999999993,52.5,44.47368421052632,0.0,393.06167846309404,0.0,0.0,189.5449949443883
704,2020-07-12 08:45:38,40.357142857142854,97.5,90.0,4.725,4.973684210526316,41.136363636363654,180.82630522088354,431.5160642570281,0.0,41.1285140562249,0.0
705,2020-07-12 08:45:39,70.83333333333336,186.4,88.33333333333334,,,68.75,0.0,143.0921843687375,0.0,0.0,0.0
706,2020-07-12 08:45:40,176.00000000000009,93.90243902439028,225.625,17.875000000000004,76.25000000000001,135.8695652173913,0.0,605.1341341341341,0.0,0.0,71.62962962962963
707,2020-07-12 08:45:41,90.11904761904762,212.82608695652175,229.375,88.50000000000003,21.550000000000008,84.58333333333331,84.08196721311475,165.9799635701275,7.759562841530054,0.0,25.161202185792348
708,2020-07-12 08:45:42,91.21951219512195,92.3076923076923,100.00000000000024,4.500000000000001,4.500000000000001,36.66666666666668,0.0,329.79490022172945,0.0,0.0,133.90243902439025
709,2020-07-12 08:45:43,47.22222222222223,47.22222222222223,,,,46.25000000000001,97.58536585365854,22.715121951219512,0.0,0.0,9.266341463414635
710,2020-07-12 08:45:44,201.5116279069768,49.411764705882355,247.85714285714286,54.999999999999986,4.500000000000001,113.92857142857153,135.3169230769231,98.6,0.0,0.0,0.0
711,2020-07-12 08:45:45,98.99999999999991,75.88235294117646,210.0,45.83333333333334,41.66666666666668,72.69230769230774,51.46520874751491,229.35487077534793,0.20377733598409542,0.0,797.1043737574553
712,2020-07-12 08:45:46,82.27272727272731,29.605263157894747,195.0,20.999999999999996,36.66666666666666,44.166666666666686,53.361167002012074,530.7374245472837,0.0,0.0,0.0
713,2020-07-12 08:45:47,86.25,97.0,75.00000000000001,4.500000000000001,4.500000000000001,87.50000000000001,0.0,181.763,0.0,0.0,206.243
714,2020-07-12 08:45:48,49.125000000000014,22.22881355932203,197.5,88.00000000000003,60.00000000000003,83.97058823529413,131.85458167330677,434.96414342629487,0.0,32.05776892430279,0.0
715,2020-07-12 08:45:49,68.0,31.354166666666696,226.0,,,153.75000000000006,0.0,634.6295180722892,0.0,0.0,0.0
716,2020-07-12 08:45:50,23.38461538461539,90.47619047619048,211.66666666666666,42.0,20.500000000000004,46.875,0.0,360.368,0.0,0.0,60.518
717,2020-07-12 08:45:51,45.83333333333335,46.826923076923066,226.81818181818184,43.500000000000014,78.33333333333337,36.05263157894736,75.69790628115653,466.47058823529414,7.7766699900299106,0.0,44.74277168494517
718,2020-07-12 08:45:52,34.375,44.25,90.83333333333333,85.83333333333333,78.75,36.04166666666668,0.0,463.2166499498495,0.0,0.0,121.6308926780341
719,2020-07-12 08:45:53,23.111111111111114,112.85714285714289,90.00000000000001,22.749999999999996,61.666666666666664,37.11538461538463,121.975,521.914,0.0,0.0,26.64
720,2020-07-12 08:45:54,34.88095238095237,23.47058823529412,96.1111111111111,8.3,12.25,39.64285714285713,237.8949950932287,402.62512266928366,0.0,0.0,0.0
721,2020-07-12 08:45:55,35.500000000000036,21.962499999999995,83.00000000000001,,,40.32608695652174,101.22935779816513,268.2599388379205,0.2089704383282365,0.0,927.1100917431193
722,2020-07-12 08:45:56,48.47826086956521,22.43846153846154,84.99999999999999,4.928571428571428,4.928571428571428,48.777777777777786,33.046,446.491,0.0,0.0,0.0
723,2020-07-12 08:45:57,31.406249999999982,102.30769230769235,205.00000000000006,71.6666666666667,9.055555555555557,34.23076923076922,0.0,512.7724550898204,0.0,0.0,163.69660678642714
724,2020-07-12 08:45:58,72.88461538461542,79.64285714285718,99.33333333333334,4.500000000000001,8.722222222222221,66.1764705882353,168.05305305305308,521.7707707707708,0.0,41.271271271271274,0.0
725,2020-07-12 08:45:59,38.89705882352941,161.30434782608705,221.66666666666669,82.50000000000004,8.785714285714285,43.11320754716981,0.0,425.60258964143424,0.0,0.0,0.0
726,2020-07-12 08:46:00,23.185483870967747,23.04545454545455,94.5,,,42.41379310344828,0.0,286.09227683049147,0.0,0.0,0.0
727,2020-07-12 08:46:01,37.77777777777781,82.69230769230772,92.5,4.500000000000001,15.250000000000014,38.125000000000014,66.58507462686568,468.91840796019903,8.835820895522389,0.0,179.9492537313433
728,2020-07-12 08:46:02,43.525641025641036,24.926229508196723,140.0,7.875,21.5,71.30434782608694,0.0,330.20100502512565,0.0,0.0,182.2904522613065
729,2020-07-12 08:46:03,23.63333333333334,22.392857142857142,197.5,4.500000000000001,84.28571428571429,42.10526315789474,195.8008008008008,462.4584584584585,0.0,0.0,50.57457457457458
730,2020-07-12 08:46:04,42.5,58.25000000000004,130.00000000000009,17.500000000000004,4.500000000000001,21.067567567567565,134.39842983316979,458.4160942100099,0.0,0.0,0.0
731,2020-07-12 08:46:05,38.40909090909091,35.526315789473706,216.99999999999997,44.99999999999993,81.66666666666667,50.0,145.31702344546383,493.17533129459736,0.2089704383282365,0.0,911.7910295616717
732,2020-07-12 08:46:06,31.87500000000002,49.3939393939394,137.50000000000006,43.33333333333334,8.666666666666668,35.10416666666668,76.09680638722554,357.4570858283433,0.0,0.0,0.0
733,2020-07-12 08:46:07,162.64705882352948,63.750000000000014,145.00000000000014,,,80.71428571428574,0.0,378.82565130260525,0.0,0.0,150.8376753507014
734,2020-07-12 08:46:08,82.12121212121212,96.78571428571432,222.72727272727272,86.25000000000001,63.333333333333336,35.000000000000014,151.13013013013014,473.7207207207207,0.0,39.14114114114114,0.0
735,2020-07-12 08:46:09,30.892857142857167,39.347826086956545,84.99999999999999,4.5,6.999999999999999,60.55555555555555,0.0,380.101,0.0,0.0,0.0
736,2020-07-12 08:46:10,34.21875000000001,37.25,228.57142857142856,46.40625,33.74999999999998,75.2272727272727,0.0,378.9742063492063,0.0,0.0,83.23412698412699
737,2020-07-12 08:46:11,24.41216216216217,98.65384615384615,224.41176470588238,,,45.1388888888889,60.06962663975782,457.5802219979818,8.718466195761858,0.0,0.0
738,2020-07-12 08:46:12,38.65384615384615,179.5,46.25,4.500000000000001,78.75000000000001,23.04081632653062,0.0,155.77622377622382,0.0,0.0,195.5604395604396
739,2020-07-12 08:46:13,50.99999999999988,152.9411764705883,223.33333333333331,88.33333333333334,4.725,38.33333333333335,121.82786069651742,525.7233830845771,0.0,0.0,92.20199004975126
740,2020-07-12 08:46:14,156.25,80.00000000000001,1075.0,34.166666666666664,4.500000000000001,68.61111111111113,193.13782696177063,315.6901408450704,0.0,0.0,0.0
741,2020-07-12 08:46:15,184.70588235294127,62.727272727272755,205.00000000000003,,,79.50000000000001,84.2063492063492,478.0674603174603,0.20337301587301587,0.0,912.0416666666666
742,2020-07-12 08:46:16,22.681818181818183,86.25000000000004,190.0,4.500000000000001,65.00000000000003,23.425,52.027370478983386,64.96187683284458,0.0,0.0,0.0
743,2020-07-12 08:46:17,87.00000000000001,84.66666666666669,232.49999999999997,37.50000000000001,32.5,79.87179487179486,0.0,0.0,0.0,0.0,140.28247422680414
744,2020-07-12 08:46:18,79.44444444444447,88.07692307692308,186.25000000000003,40.00000000000001,35.000000000000036,57.22222222222223,187.74376869391827,134.11565304087736,0.0,34.47657028913261,0.0
745,2020-07-12 08:46:19,98.55263157894738,152.50000000000009,225.00000000000003,4.500000000000001,6.500000000000001,182.50000000000006,0.0,126.34904714142428,0.0,0.0,0.0
746,2020-07-12 08:46:20,44.10256410256411,81.40000000000003,209.2857142857143,4.500000000000001,4.500000000000001,60.58823529411764,0.0,506.749,0.0,0.0,71.919
747,2020-07-12 08:46:21,24.61,33.125,95.00000000000001,7.0,37.50000000000001,39.456521739130416,66.67976424361493,329.4960707269155,7.190569744597249,0.0,75.60117878192534
748,2020-07-12 08:46:22,65.99999999999999,22.539062500000004,227.49999999999997,,,23.66981132075472,0.0,373.4403669724771,0.0,0.0,184.5025484199796
749,2020-07-12 08:46:23,188.39285714285714,68.33333333333333,80.83333333333334,37.50000000000001,75.00000000000001,66.56250000000004,128.12,735.443,0.0,0.0,18.551
750,2020-07-12 08:46:24,148.15789473684214,43.91304347826087,190.0,5.0,4.821428571428572,55.312500000000064,151.54445554445556,407.20579420579423,0.0,0.0,0.0
751,2020-07-12 08:46:25,23.95394736842106,27.794117647058833,205.00000000000003,4.500000000000001,75.00000000000001,46.45833333333334,52.136,476.0,0.205,0.0,679.745
752,2020-07-12 08:46:26,31.315789473684198,43.31818181818182,135.0,19.0,4.833333333333334,36.09375,78.75573280159523,433.8364905284148,0.0,0.0,0.0
753,2020-07-12 08:46:27,25.208333333333343,41.37500000000002,46.66666666666668,,4.500000000000001,23.45454545454545,0.0,408.00200601805415,0.0,0.0,162.13239719157474
754,2020-07-12 08:46:28,25.0,22.355932203389838,99.16666666666669,35.833333333333336,34.99999999999999,27.166666666666714,194.88102261553593,536.0825958702065,0.0,39.2330383480826,0.0
755,2020-07-12 08:46:29,24.52631578947369,76.6,91.11111111111111,30.833333333333357,18.50000000000001,41.041666666666664,0.0,393.8028455284553,0.0,0.0,0.0
756,2020-07-12 08:46:30,35.7,34.9,175.0,4.500000000000001,4.500000000000001,82.58064516129032,0.0,0.0,0.0,0.0078125,241.8603515625
757,2020-07-12 08:46:31,23.024390243902438,59.0625,196.66666666666666,4.500000000000001,4.500000000000001,88.33333333333333,106.21472392638036,542.2883435582822,9.570552147239265,0.0,0.0
758,2020-07-12 08:46:32,24.723076923076924,81.60714285714286,160.00000000000006,4.500000000000001,89.2857142857143,35.89285714285714,0.0,602.9623762376237,0.0,0.0,105.0
759,2020-07-12 08:46:33,45.32608695652174,44.60937500000001,98.21428571428572,,,73.4375,210.9107505070994,231.09634888438134,0.0,0.0,0.0
760,2020-07-12 08:46:34,24.79230769230769,23.63888888888889,98.8888888888889,4.6875,4.500000000000001,47.88461538461539,100.172,583.515,0.0,0.0,0.0
761,2020-07-12 08:46:35,36.66666666666666,39.23076923076922,235.00000000000003,21.785714285714285,17.5,77.49999999999999,83.29125248508947,433.18986083499004,0.20377733598409542,0.0,1022.5506958250496
762,2020-07-12 08:46:36,34.375000000000014,88.8,98.1818181818182,4.500000000000001,4.500000000000001,48.476562500000014,36.04627766599598,397.4949698189135,0.0,0.0,0.0
763,2020-07-12 08:46:37,178.75000000000003,46.81034482758622,312.5,9.250000000000004,80.00000000000001,41.796875,0.0,454.702,0.0,0.0,238.298
764,2020-07-12 08:46:38,42.79761904761906,31.770833333333332,229.7058823529412,9.500000000000002,4.500000000000001,46.52542372881357,198.575,435.464,0.0,40.166,0.0
765,2020-07-12 08:46:39,33.57142857142856,51.499999999999964,227.5,5.833333333333333,17.5,48.23529411764707,0.0,413.51548451548456,0.0,0.0,0.0
766,2020-07-12 08:46:40,37.76785714285714,40.000000000000036,197.49999999999994,4.5,81.25,26.346153846153836,0.0,628.2306163021868,0.0,0.0,75.71968190854871
767,2020-07-12 08:46:41,24.203125,32.33333333333333,90.00000000000001,17.5,39.58333333333333,38.27586206896554,98.4397233201581,393.2875494071146,9.486166007905139,0.0,152.5424901185771
768,2020-07-12 08:46:42,24.880952380952383,141.84210526315786,202.27272727272728,,,46.5625,0.0,425.6626139817629,0.0,0.0,13.299898682877407
769,2020-07-12 08:46:43,34.166666666666664,23.220338983050848,42.50000000000001,4.500000000000001,4.821428571428572,67.5,165.721608040201,467.7286432160804,0.0,0.0,19.90954773869347
770,2020-07-12 08:46:44,70.35714285714285,61.49999999999997,215.5,21.875000000000004,29.166666666666696,48.52941176470586,187.96396396396398,525.2572572572573,0.0,0.0,0.0
771,2020-07-12 08:46:45,46.250000000000014,33.125000000000014,75.00000000000001,4.500000000000001,4.500000000000001,48.68421052631579,95.993,342.228,0.205,0.0,957.894
772,2020-07-12 08:46:46,29.342105263157894,21.374999999999996,175.00000000000009,,,40.0,59.07410972088547,527.6958614051973,0.0,0.0,0.0
773,2020-07-12 08:46:47,23.693548387096772,82.69230769230768,93.23529411764707,4.687500000000001,4.687500000000001,41.612903225806456,0.0,290.43659043659045,0.0,0.0,227.31288981288984
774,2020-07-12 08:46:48,35.000000000000014,57.33333333333335,160.00000000000003,4.500000000000001,4.500000000000001,47.89473684210526,181.58093346573983,127.72492552135056,0.0,41.47169811320755,0.0
775,2020-07-12 08:46:49,23.42307692307692,79.28571428571429,47.5,4.5,8.999999999999998,22.055555555555557,0.0,325.19939577039275,0.0,0.0,0.0
776,2020-07-12 08:46:50,37.50000000000001,21.357142857142858,90.00000000000001,,,40.99999999999999,0.0,306.519,0.0,0.0,0.0
777,2020-07-12 08:46:51,58.57142857142859,80.45454545454547,205.00000000000003,4.500000000000001,85.00000000000001,203.7837837837838,4.008,116.364,7.92,0.0,238.058
778,2020-07-12 08:46:52,167.50000000000009,58.75000000000001,231.66666666666669,4.500000000000001,16.000000000000018,91.42857142857149,0.0,0.0,0.0,0.0,1.231768231768232
779,2020-07-12 08:46:53,196.66666666666666,98.19444444444444,,,,75.29411764705883,93.32332332332332,280.005005005005,0.0,0.0,95.27727727727728
780,2020-07-12 08:46:54,78.75,39.464285714285715,233.125,84.99999999999999,81.99999999999999,41.69642857142858,203.156,233.211,0.0,0.0,0.0
781,2020-07-12 08:46:55,48.84615384615385,24.78048780487805,235.00000000000003,,,83.37837837837839,73.739,434.642,0.0,0.0,633.991
782,2020-07-12 08:46:56,39.79166666666666,64.16666666666666,220.00000000000003,20.28571428571429,8.800000000000002,53.00000000000006,23.642357642357645,505.0549450549451,0.20479520479520483,0.0,0.0
783,2020-07-12 08:46:57,89.23076923076923,35.75000000000002,89.16666666666667,4.500000000000001,4.764705882352942,87.59259259259261,0.0,491.5155155155155,0.0,0.0,111.77477477477478
784,2020-07-12 08:46:58,94.41176470588236,30.666666666666675,160.00000000000006,,,72.33333333333339,136.29881656804733,481.861932938856,0.0,29.642998027613412,0.0
785,2020-07-12 08:46:59,44.50000000000001,58.99999999999997,194.99999999999997,4.95,48.33333333333334,72.22222222222224,0.0,567.5253036437247,0.0,0.0,0.0
786,2020-07-12 08:47:00,32.49999999999999,70.1923076923077,220.0,88.75,4.5,46.46739130434783,0.0,394.287,0.0,0.0,123.017
787,2020-07-12 08:47:01,73.84615384615387,32.500000000000014,96.87500000000001,40.83333333333335,4.95,40.10869565217395,57.65230460921844,364.7384769539078,7.575150300601202,0.0,109.82264529058116
788,2020-07-12 08:47:02,94.50000000000007,30.83333333333335,196.00000000000006,35.000000000000014,27.500000000000032,43.75,0.0,445.35229540918164,0.0,0.0,59.71656686626746
789,2020-07-12 08:47:03,73.12500000000003,23.214285714285722,84.28571428571429,,,44.20454545454546,131.58458458458458,370.86686686686687,0.0,0.0,31.27027027027027
790,2020-07-12 08:47:04,142.1428571428572,26.000000000000085,223.75,4.500000000000001,4.500000000000001,44.37500000000001,260.206,623.295,0.0,0.0,0.0
791,2020-07-12 08:47:05,24.27142857142857,139.64285714285717,75.00000000000001,82.00000000000001,70.00000000000001,26.071428571428598,72.90390390390391,384.12612612612617,0.20520520520520522,0.0,967.1731731731733
792,2020-07-12 08:47:06,42.031250000000014,145.78947368421063,218.5,72.5,8.999999999999998,46.525423728813564,56.41765873015873,570.1061507936507,0.0,0.0,0.0
793,2020-07-12 08:47:07,49.25000000000005,41.171875,215.00000000000003,,,47.05882352941177,0.0,310.5423387096774,0.0,0.0,108.02419354838709
794,2020-07-12 08:47:08,24.63207547169811,34.90740740740741,83.33333333333334,42.083333333333336,26.250000000000004,45.55555555555556,147.96096096096096,464.966966966967,0.0,37.80980980980981,0.0
795,2020-07-12 08:47:09,24.282608695652172,141.6666666666667,122.50000000000001,4.500000000000001,65.00000000000003,41.82692307692309,0.0,453.7512487512488,0.0,0.0,0.0
796,2020-07-12 08:47:10,44.64285714285714,45.2,77.50000000000001,4.750000000000001,4.750000000000001,34.65909090909089,0.0,604.1538461538461,0.0,0.0,308.1576923076923
797,2020-07-12 08:47:11,40.241935483870975,25.500000000000007,159.99999999999994,73.74999999999999,4.5,37.031249999999986,42.22645290581163,498.0470941883767,9.619238476953907,0.0,0.0
798,2020-07-12 08:47:12,34.26470588235294,53.18181818181831,107.49999999999973,,,45.09615384615386,0.0,198.81061394380853,0.0,0.0,129.20083246618105
799,2020-07-12 08:47:13,66.75000000000003,44.3421052631579,218.33333333333331,26.25000000000001,4.750000000000001,68.47826086956526,315.71828171828173,453.4905094905095,0.0,0.0,15.076923076923078
800,2020-07-12 08:47:14,41.58333333333332,178.33333333333337,190.00000000000006,91.25,7.375,28.055555555555575,236.351593625498,471.1902390438247,0.0,0.0,0.0
801,2020-07-12 08:47:15,38.984375,59.16666666666663,230.7142857142857,4.500000000000001,91.66666666666667,90.55555555555553,61.84221105527639,433.6140703517588,0.20603015075376885,0.0,937.5728643216081
802,2020-07-12 08:47:16,50.90909090909094,24.20754716981132,99.50000000000001,73.75000000000001,66.66666666666666,38.240740740740726,40.44793713163065,399.0068762278978,0.0,0.0,0.0
803,2020-07-12 08:47:17,26.25000000000001,22.281250000000004,100.00000000000027,42.50000000000002,4.736842105263158,24.662499999999998,0.0,449.13543788187377,0.0,0.0,11.965376782077394
804,2020-07-12 08:47:18,48.2,39.31818181818181,229.99999999999997,,,41.7,43.98517786561265,285.35770750988144,0.0,42.31818181818181,0.0
805,2020-07-12 08:47:19,42.22222222222223,124.1666666666666,193.00000000000006,49.64285714285715,82.50000000000001,26.66666666666664,0.0,404.5005025125628,0.0,0.0,0.0
806,2020-07-12 08:47:20,87.19512195121952,68.57142857142856,175.00000000000009,76.25000000000001,5.249999999999997,44.70000000000002,0.0,421.3456175298805,0.0,0.0,268.25796812749
807,2020-07-12 08:47:21,190.53571428571425,163.52941176470586,137.50000000000006,75.00000000000001,8.75,33.333333333333336,45.41417165668663,337.4800399201597,9.10179640718563,0.0,165.83433133732535
808,2020-07-12 08:47:22,117.50000000000001,65.76923076923076,358.33333333333326,90.0,7.666666666666667,41.38888888888891,0.0,341.3473895582329,0.0,0.0,140.789156626506
809,2020-07-12 08:47:23,46.28787878787879,44.5,170.00000000000003,4.821428571428572,57.50000000000002,47.38636363636364,245.22242817423543,395.91195551436516,0.0,0.0,20.2678405931418
810,2020-07-12 08:47:24,42.61363636363637,44.761904761904766,45.0,,,89.68750000000001,197.5344262295082,57.967213114754095,0.0,0.0,0.0
811,2020-07-12 08:47:25,,,,,,,64.689453125,35.6103515625,0.2001953125,0.0,750.7421875
812,2020-07-12 08:47:26,175.8823529411765,30.833333333333343,425.00000000000006,4.5,75.00000000000001,203.39285714285717,29.94672131147541,122.27459016393442,0.0,0.0,0.0
813,2020-07-12 08:47:27,186.11111111111114,43.75000000000001,456.25,87.77777777777779,63.33333333333332,222.49999999999997,0.0,367.90711462450594,0.0,0.0,80.51482213438734
814,2020-07-12 08:47:28,151.66666666666669,81.96428571428572,230.3846153846154,80.00000000000001,60.000000000000014,89.5945945945946,126.394,0.0,0.0,31.92,0.0
815,2020-07-12 08:47:29,54.117647058823515,40.76388888888888,95.76923076923077,,,60.71428571428574,0.0,445.922920892495,0.0,0.0,0.0
816,2020-07-12 08:47:30,21.89285714285714,43.62499999999999,204.99999999999997,7.125000000000001,6.333333333333332,38.000000000000014,0.0,479.53784860557766,0.0,0.00796812749003984,0.0
817,2020-07-12 08:47:31,41.54761904761906,77.14285714285714,98.0,45.625000000000014,70.0,46.637931034482754,51.88921859545005,380.0296735905045,6.82492581602374,0.0,200.40356083086056
818,2020-07-12 08:47:32,38.97727272727273,40.52631578947369,145.00000000000014,,,86.84210526315792,0.0,448.2235772357724,0.0,0.0,64.63109756097562
819,2020-07-12 08:47:33,32.16666666666665,22.836538461538467,207.99999999999997,42.50000000000007,9.500000000000005,40.535714285714306,120.7445109780439,501.3612774451098,0.0,0.0,60.253493013972054
820,2020-07-12 08:47:34,21.822033898305083,41.07142857142857,91.66666666666667,14.50000000000002,83.00000000000001,39.5,168.34034034034033,470.15315315315314,0.0,0.0,0.0
821,2020-07-12 08:47:35,28.676470588235322,24.11764705882353,94.52380952380953,13.500000000000007,6.16666666666667,59.130434782608745,59.05461767626614,317.2979145978153,0.20357497517378353,0.0,750.5342601787489
822,2020-07-12 08:47:36,55.000000000000064,84.4,164.99999999999994,4.78125,78.75,32.777777777777764,32.81708542713568,599.7738693467337,0.0,0.0,0.0
823,2020-07-12 08:47:37,22.176470588235297,23.946808510638302,107.5000000000001,,,37.80000000000001,0.0,500.87274549098197,0.0,0.0,137.62825651302606
824,2020-07-12 08:47:38,23.473214285714292,42.129629629629626,92.22222222222223,4.500000000000001,4.500000000000001,39.024390243902445,249.824,438.035,0.0,38.038,0.0
825,2020-07-12 08:47:39,202.56756756756755,193.97058823529412,220.0,45.00000000000001,4.800000000000001,39.99999999999999,0.0,416.318,0.0,0.0,0.0
826,2020-07-12 08:47:40,80.7692307692308,23.453125,150.0,47.5,4.846153846153847,29.500000000000007,0.0,544.5751243781094,0.0,0.0,0.0
827,2020-07-12 08:47:41,24.17894736842106,24.835937499999996,205.00000000000003,83.5714285714286,4.973684210526317,35.44642857142856,80.35577889447235,326.02914572864324,9.34673366834171,0.0,334.9718592964824
828,2020-07-12 08:47:42,36.87500000000001,27.35294117647058,235.00000000000003,80.0,4.5,44.76562500000001,0.0,510.80339321357286,0.0,0.0,3.1247504990019963
829,2020-07-12 08:47:43,47.567567567567565,209.18604651162792,234.0,81.42857142857143,8.142857142857142,41.802325581395365,94.7755511022044,0.0,0.0,0.0,49.985971943887776
830,2020-07-12 08:47:44,23.007142857142856,132.50000000000014,98.18181818181819,4.500000000000001,4.500000000000001,33.38235294117647,222.34455445544555,880.419801980198,0.0,0.0,0.0
831,2020-07-12 08:47:45,72.38095238095241,162.40000000000006,220.00000000000003,,,73.6842105263158,58.26464646464647,39.602020202020206,0.20707070707070707,0.0,905.2525252525252
832,2020-07-12 08:47:46,35.80000000000002,42.49999999999999,122.49999999999999,35.0,46.66666666666668,45.4861111111111,140.96927651139745,408.91972249752234,0.0,0.0,0.0
833,2020-07-12 08:47:47,34.843750000000014,27.857142857142833,145.00000000000003,7.0,4.500000000000001,23.826086956521745,0.0,386.21392532795153,0.0,0.0,183.69424823410696
834,2020-07-12 08:47:48,36.250000000000036,41.07142857142858,130.00000000000009,,,56.92307692307692,204.768,615.334,0.0,42.294,0.0
835,2020-07-12 08:47:49,36.696428571428584,52.64705882352942,89.16666666666669,20.499999999999996,4.673076923076923,37.98076923076925,0.0,472.1824526420738,0.0,0.0,0.0
836,2020-07-12 08:47:50,53.235294117647044,23.544117647058826,90.00000000000001,4.500000000000001,4.500000000000001,30.250000000000025,0.0,474.52657973921765,0.0,0.0,0.0
837,2020-07-12 08:47:51,84.65517241379311,75.75000000000001,223.46153846153848,44.06250000000001,4.666666666666667,41.418918918918926,37.39541832669323,393.60059760956176,8.725099601593625,0.0,347.5398406374502
838,2020-07-12 08:47:52,31.538461538461522,154.00000000000009,205.00000000000006,4.500000000000001,80.00000000000001,24.816326530612248,0.0,364.12751004016064,0.0,0.0,37.01305220883534
839,2020-07-12 08:47:53,45.20833333333336,33.026315789473685,178.00000000000003,4.500000000000001,4.500000000000001,23.52205882352941,137.5990291262136,490.15922330097084,0.0,0.0,58.70388349514563
840,2020-07-12 08:47:54,124.00000000000011,39.88095238095238,86.66666666666667,22.899999999999995,34.375000000000014,24.09302325581396,155.85154639175258,411.5010309278351,0.0,0.0,0.0
841,2020-07-12 08:47:55,63.88888888888886,69.03846153846159,47.142857142857146,4.500000000000001,4.95,67.10526315789473,4.748748748748749,557.6316316316316,0.20520520520520522,0.0,958.964964964965
842,2020-07-12 08:47:56,24.46,30.27777777777779,95.0,4.500000000000001,4.833333333333334,40.70754716981133,76.55960591133005,282.4443349753695,0.0,0.0,0.0
843,2020-07-12 08:47:57,85.59999999999998,74.64285714285714,215.00000000000003,4.500000000000001,86.25000000000001,22.257142857142856,0.0,445.380664652568,0.0,0.0,141.95367573011077
844,2020-07-12 08:47:58,47.250000000000014,86.00000000000001,229.00000000000003,,,36.87500000000001,278.87613293051356,437.29808660624366,0.0,42.056394763343405,0.0
845,2020-07-12 08:47:59,24.47058823529412,40.00000000000001,93.00000000000001,4.500000000000001,72.50000000000001,27.5,0.0,0.0,0.0,0.0,0.0
846,2020-07-12 08:48:00,222.75,85.00000000000001,235.00000000000003,83.33333333333334,81.66666666666667,81.5384615384615,0.0,89.148406374502,0.0,0.0,46.221115537848604
847,2020-07-12 08:48:01,192.1428571428571,91.04166666666667,234.3181818181818,88.57142857142858,80.00000000000001,63.33333333333332,55.821850393700785,32.70472440944882,7.854330708661417,0.0,202.63188976377953
848,2020-07-12 08:48:02,75.00000000000003,,,4.500000000000001,75.00000000000003,205.00000000000003,0.0,234.6006128702758,0.0,0.0,70.80081716036771
849,2020-07-12 08:48:03,215.2985074626866,96.57894736842107,233.84615384615384,,,159.21052631578942,198.58568548387098,331.18548387096774,0.0,0.0,83.31149193548387
850,2020-07-12 08:48:04,46.151315789473685,33.33333333333335,92.50000000000001,4.90909090909091,90.00000000000001,72.59259259259264,130.35452793834295,554.4084778420038,0.0,0.0,0.0
851,2020-07-12 08:48:05,39.583333333333336,47.6923076923077,231.42857142857144,4.666666666666667,19.6,79.28571428571433,27.56308654848801,254.77580813347237,0.2137643378519291,0.0,673.844629822732
852,2020-07-12 08:48:06,34.33333333333335,24.419354838709683,145.00000000000003,,,41.63793103448276,36.06293706293707,464.02597402597405,0.0,0.0,0.0
853,2020-07-12 08:48:07,38.49999999999998,145.65217391304355,182.50000000000003,70.0,4.500000000000001,42.41666666666666,0.0,464.4304304304305,0.0,0.0,58.90690690690691
854,2020-07-12 08:48:08,90.47619047619045,34.37500000000004,240.0,91.00000000000001,7.300000000000002,69.64285714285714,75.81890547263681,466.0616915422886,0.0,26.467661691542293,0.0
855,2020-07-12 08:48:09,33.888888888888886,23.92857142857143,81.6666666666667,4.500000000000001,40.00000000000006,34.02777777777778,0.0,463.0801603206413,0.0,0.0,0.0
856,2020-07-12 08:48:10,63.928571428571416,29.642857142857157,229.23076923076923,44.0909090909091,7.4,42.416666666666686,0.0,460.1626746506986,0.0,0.0,0.0
857,2020-07-12 08:48:11,49.75000000000001,38.500000000000014,84.00000000000001,,,42.76315789473684,74.70248756218906,283.2019900497513,8.417910447761194,0.0,179.18009950248756
858,2020-07-12 08:48:12,24.78571428571429,42.95454545454545,200.0,9.000000000000002,40.00000000000002,61.99999999999994,0.0,359.8408408408408,0.0,0.0,137.68368368368368
859,2020-07-12 08:48:13,47.90540540540541,24.75,216.99999999999997,87.0,5.999999999999998,45.67073170731707,147.90571715145435,692.5596790371113,0.0,0.0,21.473420260782348
860,2020-07-12 08:48:14,41.70731707317074,179.5,92.50000000000006,4.500000000000001,65.00000000000003,46.0,297.2602602602603,175.03403403403402,0.0,0.0,0.0
861,2020-07-12 08:48:15,37.261904761904766,41.62500000000001,95.0,,,48.3888888888889,126.57429718875503,490.3222891566265,0.20582329317269077,0.0,897.2058232931727
862,2020-07-12 08:48:16,41.31578947368419,95.45454545454552,72.50000000000001,4.500000000000001,4.875,39.09722222222222,71.49601593625498,421.1075697211155,0.0,0.0,0.0
863,2020-07-12 08:48:17,29.791666666666643,40.5952380952381,220.0,4.500000000000001,65.0,24.73529411764706,0.0,391.4804020100502,0.0,0.0,278.7015075376884
864,2020-07-12 08:48:18,24.265957446808514,57.72727272727273,92.14285714285714,4.875000000000001,56.66666666666671,33.879310344827594,29.751703992210324,611.9415774099319,0.0,41.70009737098345,0.0
865,2020-07-12 08:48:19,42.416666666666664,55.00000000000007,98.5,16.000000000000007,4.500000000000001,40.78125000000002,0.0,441.49743062692704,0.0,0.0,0.0
866,2020-07-12 08:48:20,54.642857142857146,76.40624999999999,115.00000000000018,22.000000000000004,38.75000000000002,22.940298507462686,0.0,349.71385842472586,0.0,0.0,0.0
867,2020-07-12 08:48:21,41.39705882352943,28.214285714285726,228.8235294117647,23.2,39.16666666666667,46.75675675675676,172.448310139165,406.4135188866799,8.767395626242545,0.0,241.9403578528827
868,2020-07-12 08:48:22,53.33333333333333,41.96428571428573,180.0,4.500000000000001,4.909090909090909,22.510638297872347,0.0,592.0807265388496,0.0,0.0,147.41977800201818
869,2020-07-12 08:48:23,24.932835820895523,32.22222222222224,140.00000000000006,60.00000000000006,8.000000000000002,37.91666666666668,100.16583416583418,353.54045954045955,0.0,0.0,10.354645354645356
870,2020-07-12 08:48:24,31.250000000000014,34.25000000000001,50.00000000000009,5.0,51.66666666666671,22.840909090909086,250.74501992031873,282.6792828685259,0.0,0.0,0.0
871,2020-07-12 08:48:25,30.937500000000004,28.750000000000007,190.0,4.500000000000001,4.5,73.12499999999994,41.119477911646584,495.8112449799197,0.20582329317269077,0.0,800.3002008032129
872,2020-07-12 08:48:26,44.37500000000002,48.620689655172434,222.64705882352942,85.00000000000001,4.875000000000001,108.68421052631567,126.80219780219781,465.91608391608395,0.0,0.0,0.0
873,2020-07-12 08:48:27,112.69230769230771,35.41666666666668,210.0,94.0,4.5,69.54545454545455,0.0,494.34031936127747,0.0,0.0,191.34231536926148
874,2020-07-12 08:48:28,47.0,24.78571428571429,85.0,40.0,71.66666666666667,30.250000000000025,27.48345035105316,415.2126379137412,0.0,41.8876629889669,0.0
875,2020-07-12 08:48:29,38.846153846153854,28.05555555555552,195.625,41.25000000000001,8.625,45.23584905660378,0.0,489.0159045725646,0.0,0.0,0.0
876,2020-07-12 08:48:30,23.43181818181819,23.66935483870968,115.0,14.5,4.8,22.291666666666675,0.0,509.7939698492462,0.0,0.008040201005025125,0.0
877,2020-07-12 08:48:31,23.16666666666667,41.6875,203.33333333333337,4.673076923076923,8.0,40.63953488372092,229.19019019019018,483.1911911911912,9.54954954954955,0.0,361.4144144144144
878,2020-07-12 08:48:32,32.187500000000014,92.20000000000002,86.66666666666667,4.500000000000001,83.75000000000001,38.42105263157895,0.0,138.968,0.0,0.0,198.565
879,2020-07-12 08:48:33,18.62500000000004,24.8125,235.00000000000003,4.500000000000001,4.500000000000001,21.375000000000007,91.85842472582253,411.7168494516451,0.0,0.0,89.36590229312064
880,2020-07-12 08:48:34,91.3888888888889,91.53846153846155,95.0,4.500000000000001,,82.3913043478261,148.08838133068522,85.18867924528303,0.0,0.0,0.0
881,2020-07-12 08:48:35,221.76470588235296,90.25000000000001,233.125,,4.500000000000001,137.49999999999991,101.82565130260521,0.0,0.20541082164328656,0.0,592.9859719438878
882,2020-07-12 08:48:36,171.0526315789474,201.25,232.95454545454544,21.769230769230774,65.00000000000003,77.2222222222222,78.85282258064517,96.91028225806451,0.0,0.0,0.0
883,2020-07-12 08:48:37,27.678571428571413,83.88888888888889,92.5,4.500000000000001,65.00000000000003,75.55555555555569,0.0,308.7727727727728,0.0,0.0,170.1011011011011
884,2020-07-12 08:48:38,79.56521739130437,24.833333333333336,208.75000000000003,72.50000000000001,85.00000000000001,46.70454545454547,47.008,563.377,0.0,32.984,0.0
885,2020-07-12 08:48:39,44.39024390243903,132.30769230769235,208.75000000000006,72.00000000000001,4.846153846153847,82.29729729729732,0.0,313.4975024975025,0.0,0.0,0.0
886,2020-07-12 08:48:40,27.00000000000001,118.94736842105254,190.00000000000006,4.500000000000001,4.500000000000001,21.875000000000007,0.0,568.908091908092,0.0,0.0,0.0
887,2020-07-12 08:48:41,48.0,25.714285714285683,73.33333333333331,4.500000000000001,4.500000000000001,26.590909090909104,106.73300970873787,292.9660194174757,7.048543689320388,0.0,300.42233009708735
888,2020-07-12 08:48:42,45.45454545454545,21.887500000000003,182.50000000000003,4.500000000000001,4.500000000000001,27.857142857142854,0.0,622.0761316872428,0.0,0.0,28.55349794238683
889,2020-07-12 08:48:43,24.388888888888893,23.90909090909091,140.00000000000006,,,24.593220338983052,111.37835153922543,463.72293942403184,0.0,0.0,32.10327706057597
890,2020-07-12 08:48:44,21.20833333333334,134.61538461538464,92.91666666666667,4.5,81.0,38.25000000000001,288.2949494949495,511.61717171717174,0.0,0.0,0.0
891,2020-07-12 08:48:45,24.18,45.11904761904763,100.0,4.781250000000001,4.500000000000001,24.79310344827586,77.10778443113773,456.2684630738523,0.20459081836327345,0.0,837.2624750499002
892,2020-07-12 08:48:46,81.33333333333333,141.42857142857144,181.00000000000003,33.74999999999999,4.704545454545454,43.45588235294117,50.572556762092795,445.0138203356368,0.0,0.0,0.0
893,2020-07-12 08:48:47,22.89240506329114,33.552631578947384,210.0,35.83333333333333,41.49999999999999,57.08333333333338,0.0,249.62311557788945,0.0,0.0,29.864321608040203
894,2020-07-12 08:48:48,47.95454545454547,37.11538461538462,167.49999999999997,4.928571428571429,4.704545454545455,49.34210526315788,45.81919191919192,361.1747474747475,0.0,42.98989898989899,0.0
895,2020-07-12 08:48:49,24.65,22.552631578947373,92.27272727272728,,,42.92682926829268,0.0,313.004995004995,0.0,0.0,0.0
896,2020-07-12 08:48:50,24.327586206896555,32.60869565217392,175.0,4.500000000000001,4.500000000000001,39.482758620689665,0.0,626.701,0.0,0.0,0.0
897,2020-07-12 08:48:51,32.88461538461539,22.32608695652175,93.63636363636364,42.50000000000007,4.704545454545455,63.33333333333335,91.95691382765531,456.86773547094185,9.37875751503006,0.0,403.4529058116233
898,2020-07-12 08:48:52,43.25,42.01612903225808,226.8181818181818,44.166666666666664,90.55555555555556,38.55769230769231,0.0,293.26573426573435,0.0,0.0,33.54245754245755
899,2020-07-12 08:48:53,37.33333333333333,23.10526315789474,182.50000000000006,,,45.17857142857142,171.09580838323353,593.3433133732534,0.0,0.0,14.34630738522954
900,2020-07-12 08:48:54,25.00000000000004,166.5625000000001,96.53846153846156,4.500000000000001,4.500000000000001,45.93750000000001,280.222668004012,533.8004012036108,0.0,0.0,0.0
901,2020-07-12 08:48:55,82.20000000000002,37.85714285714287,85.00000000000001,60.00000000000004,4.500000000000001,79.0,122.5752741774676,448.2143569292124,0.20438683948155537,0.0,1042.9950149551348
902,2020-07-12 08:48:56,39.807692307692335,82.1666666666667,92.50000000000003,4.500000000000001,4.695652173913044,27.23684210526321,21.40220661985958,339.99097291875626,0.0,0.0,0.0
903,2020-07-12 08:48:57,24.67857142857143,190.0,130.0,4.500000000000001,60.00000000000001,34.71153846153845,0.0,526.6097804391218,0.0,0.0,124.80339321357286
904,2020-07-12 08:48:58,22.853846153846156,36.07142857142858,95.0,6.000000000000002,6.999999999999994,34.54545454545453,59.70829361296474,158.56625357483318,0.0,37.782650142993326,0.0
905,2020-07-12 08:48:59,27.000000000000004,28.823529411764692,193.00000000000006,36.25000000000002,20.499999999999996,34.624999999999986,0.0,484.1666666666667,0.0,0.0,0.0
906,2020-07-12 08:49:00,39.699999999999996,146.87499999999997,190.00000000000006,,,53.12499999999998,0.0,520.7830957230143,0.0,0.0,0.0
907,2020-07-12 08:49:01,29.062499999999993,22.28571428571429,216.66666666666669,4.500000000000001,67.5,24.7,141.6566265060241,502.7951807228916,9.879518072289157,0.0,364.2218875502008
908,2020-07-12 08:49:02,75.80645161290322,68.57142857142861,91.00000000000001,86.66666666666667,4.800000000000001,43.12500000000001,0.0,429.19042871385847,0.0,0.0,55.62911266201396
909,2020-07-12 08:49:03,22.852272727272727,98.8,115.00000000000021,4.800000000000001,4.500000000000001,22.057692307692307,210.24874623871614,406.05015045135406,0.0,0.0,0.0
910,2020-07-12 08:49:04,33.749999999999986,38.52941176470588,224.6153846153846,88.8888888888889,50.0,31.770833333333353,296.9039039039039,498.5055055055055,0.0,0.0,0.0
911,2020-07-12 08:49:05,49.476744186046524,76.15384615384616,175.00000000000006,5.0,83.33333333333334,22.548780487804883,31.937258687258687,412.64768339768335,0.1978764478764479,0.0,927.6785714285713
912,2020-07-12 08:49:06,80.62500000000009,80.55555555555557,220.00000000000003,4.500000000000001,4.500000000000001,71.42857142857143,41.78734439834025,51.58195020746888,0.0,0.0,0.0
913,2020-07-12 08:49:07,88.39285714285717,89.16666666666667,95.0,,,81.00000000000001,0.0,5.479338842975206,0.0,31.216528925619834,58.581818181818186
914,2020-07-12 08:49:08,182.50000000000003,92.16666666666667,231.7857142857143,39.50000000000001,73.75000000000001,78.61111111111113,46.71446540880503,314.4867924528302,0.0,0.0,0.0
915,2020-07-12 08:49:09,152.5,53.125000000000036,210.0,,,49.36440677966102,0.0,118.50854271356783,0.0,0.0,0.0
916,2020-07-12 08:49:10,37.87037037037035,28.499999999999957,210.00000000000003,80.99999999999999,4.5,46.041666666666686,0.0,421.24610894941634,0.0,0.0,0.0
917,2020-07-12 08:49:11,39.722222222222236,50.454545454545475,92.72727272727275,4.500000000000001,4.725,47.65625000000002,151.9249743062693,568.2795477903392,7.769784172661871,0.0,308.41212744090444
918,2020-07-12 08:49:12,41.61764705882352,43.95161290322581,96.25000000000001,,,96.78571428571432,0.0,300.45,0.0,0.0,25.621
919,2020-07-12 08:49:13,58.947368421052666,20.230769230769234,152.50000000000009,4.500000000000001,26.250000000000004,47.94642857142859,141.36336336336336,597.0960960960961,0.0,0.0,8.61961961961962
920,2020-07-12 08:49:14,75.71428571428574,65.50000000000003,93.33333333333334,4.725,4.973684210526316,45.625,183.0309072781655,582.6959122632104,0.0,0.0,0.0
921,2020-07-12 08:49:15,24.24096385542169,160.00000000000006,193.00000000000003,4.500000000000001,52.500000000000036,40.7857142857143,84.437875751503,475.69939879759517,0.20541082164328656,0.0,811.9098196392786
922,2020-07-12 08:49:16,37.81250000000001,24.644736842105264,88.33333333333334,,,41.120689655172406,54.645669291338585,285.3513779527559,0.0,0.0,0.0
923,2020-07-12 08:49:17,25.166666666666693,22.861702127659576,218.125,4.725,36.25000000000001,31.41304347826091,0.0,751.2639029322548,0.0,0.0,28.643073811931245
924,2020-07-12 08:49:18,23.573170731707318,22.15671641791045,226.0,81.0,52.50000000000001,46.66666666666668,34.73340040241449,0.0,0.0,37.732394366197184,0.0
925,2020-07-12 08:49:19,43.68421052631578,22.07758620689656,137.50000000000006,65.00000000000003,79.00000000000001,41.0,0.0,418.1437125748503,0.0,0.0,0.0
926,2020-07-12 08:49:20,60.66666666666669,24.472972972972975,160.0,4.500000000000001,38.750000000000014,40.93750000000001,0.0,548.5521042084168,0.0,0.0,0.0
927,2020-07-12 08:49:21,33.83333333333333,61.25000000000004,90.0,,,60.00000000000001,131.67221135029354,419.8454011741683,9.39334637964775,0.0,387.0440313111546
928,2020-07-12 08:49:22,23.76923076923077,38.89999999999999,129.99999999999997,4.7250000000000005,4.500000000000001,95.20833333333336,0.0,506.18367346938777,0.0,0.0,99.35
929,2020-07-12 08:49:23,48.83333333333335,46.66666666666667,155.0,68.33333333333333,8.5,53.6666666666666,167.46646646646647,248.46846846846847,0.0,0.0,21.58258258258258
930,2020-07-12 08:49:24,26.50000000000004,22.646153846153847,231.47058823529412,,,72.72727272727272,251.4092664092664,610.9324324324324,0.0,0.0,0.0
931,2020-07-12 08:49:25,24.55,22.609375000000007,190.0,4.500000000000001,9.499999999999998,48.31250000000002,154.64663212435232,515.4165803108808,0.21243523316062177,0.0,983.4953367875648
932,2020-07-12 08:49:26,42.499999999999964,72.39130434782608,170.00000000000003,4.750000000000001,4.750000000000001,46.25,26.37737737737738,443.47747747747746,0.0,0.0,0.0
933,2020-07-12 08:49:27,94.05405405405403,22.735849056603772,225.76923076923077,32.50000000000003,4.973684210526317,42.56578947368423,0.0,244.99616858237547,0.0,0.0,83.1704980842912
934,2020-07-12 08:49:28,45.25,63.611111111111136,90.00000000000001,4.500000000000001,70.00000000000001,25.500000000000014,38.24557752341311,556.9063475546307,0.0,38.751300728407905,0.0
935,2020-07-12 08:49:29,57.50000000000001,37.81250000000001,232.6923076923077,32.5,32.5,44.07407407407407,0.0,461.4659427443238,0.0,0.0,0.0
936,2020-07-12 08:49:30,60.625,73.69565217391306,190.0,,,213.49056603773587,0.0,352.3801571709234,0.0,0.007858546168958742,0.0
937,2020-07-12 08:49:31,39.516129032258085,41.1904761904762,92.5,4.500000000000001,28.333333333333357,45.531914893617035,96.66223132036848,121.21392016376664,7.615148413510748,0.0,290.2968270214944
938,2020-07-12 08:49:32,31.60714285714287,23.32692307692308,228.57142857142856,23.000000000000007,65.00000000000003,24.817073170731703,0.0,637.9706180344477,0.0,0.0,89.6727456940223
939,2020-07-12 08:49:33,77.6666666666667,68.18181818181819,74.00000000000003,,,43.263888888888886,144.88035892323032,583.9302093718843,0.0,0.0,75.3010967098704
940,2020-07-12 08:49:34,46.18644067796611,40.448717948717956,175.0,4.500000000000001,4.500000000000001,46.87500000000005,188.66166166166167,303.2202202202202,0.0,0.0,0.0
941,2020-07-12 08:49:35,35.000000000000014,24.307692307692307,160.0000000000001,4.846153846153847,46.66666666666668,42.19999999999999,127.22358490566037,579.8877358490566,0.19339622641509432,0.0,654.6783018867924
942,2020-07-12 08:49:36,21.60526315789474,36.25000000000001,99.0,4.500000000000001,7.333333333333334,45.80645161290323,88.00852878464819,559.1663113006397,0.0,0.0,0.0
943,2020-07-12 08:49:37,81.83333333333333,48.541666666666664,215.0,,,97.5,0.0,537.015,0.0,0.0,94.639
944,2020-07-12 08:49:38,37.08333333333333,23.23684210526316,222.50000000000003,44.166666666666664,4.846153846153847,95.65789473684215,39.15578358208955,333.07089552238807,0.0,36.22761194029851,0.0
945,2020-07-12 08:49:39,48.055555555555586,30.45454545454544,95.0,43.500000000000014,7.00000000000001,40.86538461538462,0.0,253.03448275862067,0.0,0.0,0.0
946,2020-07-12 08:49:40,,,,,,,0.0,147.699,0.0,0.0,0.0
947,2020-07-12 08:49:41,100.00000000000028,40.000000000000014,,,,211.42857142857147,92.74184261036467,113.10172744721689,8.234165067178504,0.0,305.18809980806145
948,2020-07-12 08:49:42,412.1212121212122,93.19148936170212,233.84615384615384,75.00000000000001,8.6,41.25,0.0,0.0,0.0,0.0,75.23854166666668
949,2020-07-12 08:49:43,211.19565217391306,181.875,232.0,,9.000000000000002,220.0,99.0787037037037,423.13518518518515,0.0,0.0,143.04074074074072
950,2020-07-12 08:49:44,128.63636363636374,22.127659574468087,229.99999999999997,41.07142857142858,4.500000000000001,56.666666666666714,250.78416485900217,496.8882863340564,0.0,0.0,0.0
951,2020-07-12 08:49:45,179.21875000000003,124.70588235294116,93.1818181818182,81.66666666666669,4.500000000000001,44.28571428571429,30.92168674698795,509.324297188755,0.20582329317269077,0.0,635.1636546184739
952,2020-07-12 08:49:46,213.14285714285714,20.827272727272728,,93.33333333333334,4.500000000000001,193.92857142857144,54.8988988988989,147.25925925925927,0.0,0.0,0.0
953,2020-07-12 08:49:47,210.67567567567568,186.08695652173913,234.40000000000003,7.400000000000003,4.68,76.94444444444446,0.0,596.9720279720281,0.0,0.0,100.5764235764236
954,2020-07-12 08:49:48,46.33333333333333,59.545454545454675,49.545454545454554,4.5,4.5,46.034482758620705,112.74750499001996,473.51696606786425,0.0,31.856287425149702,0.0
955,2020-07-12 08:49:49,45.46875000000001,71.42857142857147,220.00000000000003,4.500000000000001,9.000000000000002,24.27586206896552,0.0,545.0180541624875,0.0,0.0,0.0
956,2020-07-12 08:49:50,50.0,34.0625,224.00000000000003,47.75,12.250000000000005,63.68421052631579,0.0,483.9850299401198,0.0,0.0,0.0
957,2020-07-12 08:49:51,25.468750000000004,23.244680851063833,205.00000000000003,4.500000000000001,87.0,43.75000000000001,74.03369672943509,428.63032705649164,7.1952428146679885,0.0,245.21010901883056
958,2020-07-12 08:49:52,85.76923076923079,76.89655172413794,94.66666666666667,,,57.00000000000001,0.0,196.82222222222222,0.0,0.0,29.49191919191919
959,2020-07-12 08:49:53,57.50000000000005,196.8478260869566,180.0,4.6607142857142865,71.00000000000003,39.758064516129046,278.095,527.07,0.0,0.0,79.326
960,2020-07-12 08:49:54,33.815789473684205,38.653846153846146,47.5,4.500000000000001,49.166666666666664,38.409090909090914,74.33399602385686,407.5427435387674,0.0,0.0,0.0
961,2020-07-12 08:49:55,40.17857142857142,63.68421052631583,95.0,4.500000000000001,4.500000000000001,40.80882352941176,70.84607645875252,444.24949698189135,0.2062374245472837,0.0,874.6167002012073
962,2020-07-12 08:49:56,28.500000000000014,24.940000000000005,235.00000000000003,4.500000000000001,86.66666666666667,42.49999999999999,16.21678321678322,480.8191808191809,0.0,0.0,0.0
963,2020-07-12 08:49:57,33.57142857142857,98.75,221.5,73.33333333333336,47.5,43.772727272727266,0.0,484.7867867867868,0.0,0.0,100.91491491491492
964,2020-07-12 08:49:58,40.476190476190496,24.651785714285715,152.50000000000003,40.5,4.821428571428572,31.166666666666654,237.84730538922156,421.8562874251497,0.0,36.36926147704591,0.0
965,2020-07-12 08:49:59,72.85714285714288,119.0000000000001,115.00000000000009,4.500000000000001,65.0,35.71428571428574,0.0,593.7609126984127,0.0,0.0,0.0
966,2020-07-12 08:50:00,23.913793103448278,24.113636363636363,91.0,4.500000000000001,4.833333333333334,38.214285714285715,0.0,492.836,0.0,0.0,0.0
967,2020-07-12 08:50:01,22.552631578947373,28.61111111111111,194.99999999999997,4.500000000000001,67.50000000000001,31.041666666666682,48.883720930232556,467.05561172901923,9.828109201213346,0.0,254.42972699696665
968,2020-07-12 08:50:02,23.856250000000003,22.21428571428572,93.33333333333334,4.500000000000001,77.5,40.16129032258065,0.0,493.332,0.0,0.0,43.319
969,2020-07-12 08:50:03,37.84482758620689,74.20000000000002,87.50000000000001,32.5,4.714285714285715,37.98076923076922,319.8211788211789,0.0,0.0,0.0,107.993006993007
970,2020-07-12 08:50:04,23.27868852459017,23.571428571428577,47.5,4.500000000000001,8.5,18.470588235294127,42.526315789473685,537.2989076464747,0.0,0.0,0.0
971,2020-07-12 08:50:05,27.884615384615387,37.91666666666668,215.00000000000003,80.0,7.16666666666667,34.880952380952394,68.40080563947635,478.1077542799597,0.20644511581067473,0.0,917.944612286002
972,2020-07-12 08:50:06,31.547619047619033,24.96666666666667,160.0,61.6666666666667,4.500000000000001,22.925,15.158682634730539,491.1097804391218,0.0,0.0,0.0
973,2020-07-12 08:50:07,49.500000000000014,38.1451612903226,152.5,4.500000000000001,65.0,46.013513513513516,0.0,504.94884653961884,0.0,0.0,165.83149448345034
974,2020-07-12 08:50:08,26.346153846153886,24.250000000000007,92.50000000000001,7.999999999999998,18.999999999999996,33.541666666666686,291.22277722277727,569.8421578421579,0.0,43.048951048951054,0.0
975,2020-07-12 08:50:09,21.972727272727276,20.80508474576271,220.00000000000003,4.500000000000001,5.499999999999998,21.131578947368425,0.0,494.82,0.0,0.0,0.0
976,2020-07-12 08:50:10,21.366666666666667,22.6195652173913,94.61538461538463,71.25000000000001,30.00000000000002,38.58695652173912,0.0,477.7307307307307,0.0,0.0,0.0
977,2020-07-12 08:50:11,24.0952380952381,47.73437499999999,222.5,83.75,4.500000000000001,28.49999999999999,76.89651741293532,491.28059701492543,8.776119402985076,0.0,376.3273631840797
978,2020-07-12 08:50:12,21.651162790697676,22.807692307692307,75.00000000000001,4.5,9.500000000000004,20.500000000000004,0.0,583.277108433735,0.0,0.0,11.07128514056225
979,2020-07-12 08:50:13,20.8,21.41666666666667,,,,22.166666666666668,243.481,0.0,0.0,0.0,140.329
980,2020-07-12 08:50:14,48.91509433962264,44.30555555555556,95.0,,,87.70833333333336,96.578,89.505,0.0,0.0,0.0
981,2020-07-12 08:50:15,45.00000000000001,95.29411764705884,233.92857142857142,43.75000000000001,78.57142857142857,47.72321428571429,69.624,0.0,0.205,0.0,776.812
982,2020-07-12 08:50:16,48.90625000000001,85.0,224.2857142857143,,,46.73076923076924,10.559760956175298,208.01294820717132,0.0,0.0,0.0
983,2020-07-12 08:50:17,91.60000000000002,45.60606060606062,217.50000000000003,50.0,5.0,44.86111111111111,0.0,564.278,0.0,0.0,117.587
984,2020-07-12 08:50:18,46.92857142857144,69.99999999999999,235.00000000000003,19.000000000000004,22.272727272727273,73.04878048780489,144.14017769002965,352.8311944718658,0.0,32.823297137216194,0.0
985,2020-07-12 08:50:19,47.5,24.06756756756757,231.25,36.25000000000002,41.666666666666664,92.33333333333336,0.0,735.51269035533,0.0,0.0,0.0
986,2020-07-12 08:50:20,38.75000000000003,22.461538461538463,222.50000000000003,4.500000000000001,4.500000000000001,121.81818181818188,0.0,305.2224448897795,0.0,0.0,0.0
987,2020-07-12 08:50:21,48.07692307692308,49.75,217.27272727272728,134.99999999999994,7.400000000000002,80.58823529411767,56.203,162.787,7.02,0.0,155.173
988,2020-07-12 08:50:22,182.77777777777783,30.25,227.5,,,190.68181818181824,0.0,475.98205383848455,0.0,0.0,5.834496510468595
989,2020-07-12 08:50:23,85.64516129032256,97.66666666666667,211.42857142857144,79.99999999999999,88.0,56.15384615384618,248.98797595190382,565.4088176352706,0.0,0.0,86.28857715430861
990,2020-07-12 08:50:24,33.636363636363654,47.61904761904762,93.8888888888889,4.846153846153847,4.500000000000001,34.99999999999999,82.96596596596596,451.74674674674674,0.0,0.0,0.0
991,2020-07-12 08:50:25,47.50000000000001,40.08620689655172,182.5,4.500000000000001,69.99999999999999,134.28571428571433,57.20779220779221,593.7672327672328,0.20479520479520483,0.0,859.5614385614386
992,2020-07-12 08:50:26,46.538461538461526,68.91304347826086,208.00000000000003,42.22222222222223,47.77777777777778,43.47656249999999,49.90856592877767,443.92685274302215,0.0,0.0,0.0
993,2020-07-12 08:50:27,60.38461538461539,42.69736842105264,228.07692307692307,,,47.166666666666664,0.0,443.24895833333335,0.0,0.0,125.59583333333335
994,2020-07-12 08:50:28,31.617647058823543,41.24999999999999,89.28571428571429,4.500000000000001,91.42857142857143,33.69047619047617,162.2467532467533,619.856143856144,0.0,40.12587412587413,0.0
995,2020-07-12 08:50:29,23.778571428571432,96.0714285714285,232.3529411764706,46.458333333333336,8.833333333333336,42.22222222222223,0.0,0.0,0.0,0.0,0.0
996,2020-07-12 08:50:30,24.847826086956523,19.89285714285715,49.375,4.500000000000001,4.875000000000001,22.559322033898308,0.0,507.493,0.0,0.008,0.0
997,2020-07-12 08:50:31,33.55263157894737,60.00000000000001,160.00000000000006,55.000000000000014,66.25000000000001,34.91071428571428,54.767,448.736,9.6,0.0,325.4
998,2020-07-12 08:50:32,47.10526315789474,27.291666666666668,208.75,,,32.27272727272727,0.0,522.1357285429142,0.0,0.0,13.579840319361278
999,2020-07-12 08:50:33,34.06250000000002,29.125000000000014,208.75000000000003,4.500000000000001,78.33333333333336,38.92857142857145,251.146,461.579,0.0,0.0,38.086
1000,2020-07-12 08:50:34,24.900000000000006,38.80434782608697,171.25,23.83333333333334,77.50000000000001,35.11363636363637,121.58383233532933,450.4161676646707,0.0,0.0,0.0
1001,2020-07-12 08:50:35,23.58928571428571,28.749999999999996,96.25,4.500000000000001,4.875,36.19565217391304,99.14371859296483,507.121608040201,0.20603015075376885,0.0,1032.1376884422111
1002,2020-07-12 08:50:36,85.58823529411767,79.42857142857146,189.99999999999994,4.5,73.33333333333334,53.94736842105274,131.22931206380858,500.88534396809575,0.0,0.0,0.0
1003,2020-07-12 08:50:37,68.49999999999999,50.45454545454543,193.75,4.500000000000001,72.50000000000003,40.0,0.0,397.32965931863725,0.0,0.0,78.45290581162325
1004,2020-07-12 08:50:38,53.66666666666674,32.826086956521756,86.25000000000001,4.875000000000001,67.50000000000003,27.66666666666666,101.62137862137864,381.20779220779224,0.0,42.25174825174825,0.0
1005,2020-07-12 08:50:39,44.99999999999998,77.5,200.0,4.673076923076923,4.859999999999999,68.18181818181826,0.0,568.560120240481,0.0,0.0,0.0
1006,2020-07-12 08:50:40,33.05555555555556,98.58974358974358,69.99999999999999,4.500000000000001,23.50000000000001,30.89285714285715,0.0,516.6743256743257,0.0,0.0,0.0
1007,2020-07-12 08:50:41,34.60526315789474,23.075471698113205,144.99999999999997,4.891304347826087,4.687500000000001,23.981481481481485,36.392467789890986,291.3548067393459,9.514370664023787,0.0,482.6987115956393
1008,2020-07-12 08:50:42,47.74193548387097,41.11111111111114,214.00000000000003,85.0,4.500000000000001,23.01162790697674,0.0,0.0,0.0,0.0,4.644153225806452
1009,2020-07-12 08:50:43,23.13888888888889,60.249999999999986,227.5,,,31.66666666666679,279.56056056056053,555.971971971972,0.0,0.0,69.11211211211211
1010,2020-07-12 08:50:44,36.759259259259274,23.62857142857143,163.74999999999997,75.00000000000001,68.75,31.04166666666668,87.843,362.116,0.0,0.0,0.0
1011,2020-07-12 08:50:45,34.58333333333334,38.49999999999999,205.00000000000003,4.846153846153847,4.846153846153847,56.363636363636324,167.7125748502994,578.1307385229541,0.20459081836327345,0.0,904.1447105788424
1012,2020-07-12 08:50:46,22.488372093023255,124.00000000000014,235.00000000000003,70.00000000000001,70.00000000000001,112.85714285714289,104.29,398.908,0.0,0.0,0.0
1013,2020-07-12 08:50:47,40.384615384615394,35.625000000000014,437.5,4.500000000000001,4.500000000000001,39.722222222222214,0.0,29.45212240868707,0.0,0.0,99.538005923001
1014,2020-07-12 08:50:48,155.90909090909088,21.727272727272727,227.5,4.5,90.0,47.15000000000001,97.48743267504487,53.5637342908438,0.0,33.190305206463194,0.0
1015,2020-07-12 08:50:49,80.78947368421055,42.67857142857144,233.75,77.5,89.00000000000001,203.23529411764704,0.0,153.06734006734007,0.0,0.0,0.0
1016,2020-07-12 08:50:50,40.9375,197.50000000000003,217.00000000000003,76.66666666666669,79.99999999999999,143.23529411764713,0.0,10.433867735470942,0.0,0.0,0.0
1017,2020-07-12 08:50:51,69.3181818181818,34.8611111111111,208.75,4.95,81.66666666666667,23.033333333333335,44.00708502024291,484.3613360323887,7.22672064777328,0.0,210.98178137651823
1018,2020-07-12 08:50:52,24.926229508196723,200.78125000000003,99.41176470588236,79.28571428571429,4.666666666666666,61.73913043478264,0.0,462.99295065458205,0.0,0.0,7.694864048338369
1019,2020-07-12 08:50:53,126.84210526315795,187.00000000000003,202.0,4.500000000000001,9.500000000000002,23.266666666666666,115.32,444.051,0.0,0.0,102.839
1020,2020-07-12 08:50:54,23.628571428571433,22.948529411764714,201.25,4.500000000000001,4.500000000000001,49.87500000000002,75.199203187251,415.16733067729086,0.0,0.0,0.0
1021,2020-07-12 08:50:55,38.88888888888889,24.33653846153846,194.28571428571433,51.666666666666664,51.666666666666664,40.54054054054054,103.85185185185185,465.85585585585585,0.20520520520520522,0.0,761.3183183183183
1022,2020-07-12 08:50:56,22.520408163265305,22.307692307692314,84.99999999999999,4.500000000000001,72.50000000000003,19.782608695652186,93.35470941883769,592.2304609218437,0.0,0.0,0.0
1023,2020-07-12 08:50:57,22.581632653061227,22.16153846153847,91.36363636363637,38.75000000000002,4.6607142857142865,30.28846153846154,0.0,440.279,0.0,0.0,71.064
1024,2020-07-12 08:50:58,24.208333333333332,40.92857142857142,227.5,,,67.99999999999999,172.9930624380575,379.84142715559966,0.0,34.798810703666994,0.0
1025,2020-07-12 08:50:59,22.599999999999998,21.849999999999998,222.49999999999997,4.5,89.0,20.62857142857143,0.0,578.3703329969727,0.0,0.0,0.0
1026,2020-07-12 08:51:00,164.03846153846152,24.139344262295083,226.17647058823528,90.33333333333334,5.500000000000007,40.35714285714286,0.0,512.479,0.0,0.0,0.0
1027,2020-07-12 08:51:01,85.53191489361703,40.74999999999999,93.33333333333336,4.95,4.500000000000001,193.75000000000003,49.42357642357643,332.83516483516485,9.590409590409593,0.0,246.44255744255747
1028,2020-07-12 08:51:02,24.69047619047619,29.61538461538464,80.0,4.673076923076923,55.00000000000006,54.333333333333314,0.0,489.68468468468467,0.0,0.0,21.37237237237237
1029,2020-07-12 08:51:03,40.54347826086956,58.333333333333314,175.00000000000006,21.250000000000004,83.33333333333334,37.031249999999986,175.44844844844843,520.6986986986988,0.0,0.0,145.27427427427426
1030,2020-07-12 08:51:04,33.269230769230795,21.333333333333336,97.50000000000001,4.500000000000001,4.500000000000001,34.99999999999997,164.798,505.353,0.0,0.0,0.0
1031,2020-07-12 08:51:05,24.546511627906977,25.625000000000053,193.75,32.5,4.500000000000001,84.99999999999999,88.357,489.43,0.205,0.0,1026.108
1032,2020-07-12 08:51:06,153.65384615384602,94.54545454545446,199.0,76.66666666666666,4.666666666666667,67.99999999999996,96.85214785214785,296.76023976023976,0.0,0.0,0.0
1033,2020-07-12 08:51:07,49.375,21.56034482758621,54.99999999999995,4.500000000000001,4.500000000000001,35.00000000000007,0.0,426.7492507492508,0.0,0.0,117.55344655344658
1034,2020-07-12 08:51:08,47.41935483870969,80.0000000000001,80.00000000000001,5.0,8.642857142857142,42.755102040816325,147.73673673673673,416.4864864864865,0.0,42.86886886886887,0.0
1035,2020-07-12 08:51:09,26.81818181818183,66.11111111111111,80.00000000000001,4.500000000000001,77.5,22.48,0.0,317.8811188811189,0.0,0.0,0.0
1036,2020-07-12 08:51:10,21.34375,76.25000000000003,124.99999999999991,6.749999999999997,55.00000000000002,32.76785714285714,0.0,565.3320610687023,0.0,0.0,0.0
1037,2020-07-12 08:51:11,33.75000000000001,97.68656716417911,79.99999999999997,4.500000000000001,4.821428571428572,28.035714285714317,96.71399387129725,501.1144024514811,8.764044943820226,0.0,251.11542390194074
1038,2020-07-12 08:51:12,31.323529411764714,66.94444444444447,80.0,4.500000000000001,4.95,36.18421052631578,0.0,504.65946502057614,0.0,0.0,46.62757201646091
1039,2020-07-12 08:51:13,34.30555555555557,40.576923076923094,80.00000000000001,4.500000000000001,16.600000000000005,42.58620689655175,255.68849206349208,336.97222222222223,0.0,0.0,135.23710317460316
1040,2020-07-12 08:51:14,45.55555555555557,66.4583333333334,98.75,4.500000000000001,25.0,55.35714285714292,220.38306451612902,408.40120967741933,0.0,0.0,0.0
1041,2020-07-12 08:51:15,24.971153846153847,36.3888888888889,95.0,,,41.964285714285715,1.0578842315369261,543.131736526946,0.20459081836327345,0.0,884.1776447105789
1042,2020-07-12 08:51:16,41.35135135135136,73.88888888888886,89.00000000000001,4.500000000000001,5.0,31.42857142857143,10.544544544544545,347.75375375375376,0.0,0.0,0.0
1043,2020-07-12 08:51:17,39.568965517241395,23.25581395348837,78.33333333333336,4.500000000000001,4.500000000000001,30.588235294117666,0.0,482.05805805805807,0.0,0.0,136.99099099099098
1044,2020-07-12 08:51:18,23.97058823529412,23.26,226.25,40.35714285714286,34.999999999999986,46.55555555555558,140.2020872865275,492.673624288425,0.0,39.370018975332066,0.0
1045,2020-07-12 08:51:19,87.08333333333334,24.96511627906977,49.642857142857146,5.0,4.500000000000001,24.266666666666666,0.0,389.7426160337553,0.0,0.0,0.0
1046,2020-07-12 08:51:20,155.83333333333334,65.00000000000003,220.0,84.99999999999999,7.250000000000001,23.29,0.0,310.28557114228454,0.0,0.0,0.0
1047,2020-07-12 08:51:21,43.5,22.75,,95.0,9.500000000000002,23.5,84.13280475718534,0.0,9.514370664023787,0.0,250.8761149653122
1048,2020-07-12 08:51:22,196.6666666666667,23.500000000000004,200.0,49.28571428571429,45.00000000000001,71.2962962962963,0.0,153.26609029779058,0.0,0.0,27.323727185398656
1049,2020-07-12 08:51:23,226.31578947368422,200.9090909090909,230.0,,,48.75,223.15021008403363,0.0,0.0,0.0,241.63550420168067
1050,2020-07-12 08:51:24,201.25000000000003,217.32142857142858,115.0,4.500000000000001,4.500000000000001,85.71428571428577,229.83383383383384,242.82482482482482,0.0,0.0,0.0
1051,2020-07-12 08:51:25,88.22580645161291,160.00000000000003,208.75000000000003,77.0,61.666666666666664,61.76470588235294,21.006,362.939,0.205,0.0,625.642
1052,2020-07-12 08:51:26,41.44736842105262,217.79411764705884,227.0,,,25.249999999999993,28.029970029970034,190.1688311688312,0.0,0.0,0.0
1053,2020-07-12 08:51:27,46.956521739130444,224.39999999999998,217.85714285714286,42.91666666666667,9.500000000000002,44.19117647058825,0.0,519.8797595190381,0.0,0.0,87.49298597194388
1054,2020-07-12 08:51:28,48.500000000000014,95.71428571428572,50.0,4.500000000000001,4.704545454545454,93.12500000000004,66.191,452.457,0.0,30.59,0.0
1055,2020-07-12 08:51:29,47.50000000000001,93.85714285714288,218.125,47.50000000000001,19.900000000000002,44.67592592592593,0.0,361.25440313111545,0.0,0.0,0.0
1056,2020-07-12 08:51:30,202.50000000000003,90.60000000000001,95.0,,,48.22368421052632,0.0,282.28296146044624,0.0,0.008113590263691683,0.0
1057,2020-07-12 08:51:31,54.33333333333335,214.06976744186045,229.375,43.611111111111114,35.625000000000014,86.76470588235297,82.71959798994975,157.05829145728643,6.57286432160804,0.0,191.42713567839195
1058,2020-07-12 08:51:32,51.11111111111121,56.78571428571425,224.49999999999997,32.500000000000014,4.500000000000001,49.33333333333334,0.0,391.89903846153845,0.0,0.0,50.357692307692304
1059,2020-07-12 08:51:33,81.42857142857143,43.52272727272726,214.00000000000003,4.704545454545455,61.66666666666671,40.803571428571445,212.28944618599792,458.24869383490073,0.0,0.0,79.97387669801464
1060,2020-07-12 08:51:34,59.68749999999999,87.76595744680851,137.50000000000006,,,89.65909090909093,204.57739791073126,271.69420702754036,0.0,0.0,0.0
1061,2020-07-12 08:51:35,33.57142857142858,84.16666666666667,230.5,89.37500000000001,57.499999999999964,78.63636363636365,35.1355421686747,187.8995983935743,0.20582329317269077,0.0,872.6827309236947
1062,2020-07-12 08:51:36,135.99999999999994,209.3548387096774,222.99999999999997,,,84.79166666666669,20.066315789473688,363.981052631579,0.0,0.0,0.0
1063,2020-07-12 08:51:37,52.08333333333334,41.33333333333332,437.5,44.25,4.5,194.37500000000003,0.0,463.83778437190904,0.0,0.0,122.11177052423345
1064,2020-07-12 08:51:38,37.78846153846155,48.92857142857145,220.0,4.78125,6.500000000000004,19.48,139.47325933400606,496.31180625630674,0.0,38.38345105953582,0.0
1065,2020-07-12 08:51:39,37.66666666666666,38.484848484848484,181.00000000000006,4.500000000000001,61.666666666666686,28.035714285714327,0.0,421.7812187812188,0.0,0.0,0.0
1066,2020-07-12 08:51:40,22.91935483870968,27.499999999999982,207.50000000000003,4.78125,78.75000000000001,22.80952380952381,0.0,471.50395256917,0.0,0.0,0.0
1067,2020-07-12 08:51:41,21.88805970149254,22.16666666666667,46.07142857142858,4.500000000000001,4.500000000000001,22.336206896551733,67.99306243805749,487.2111000991081,9.39544103072349,0.0,265.7452923686819
1068,2020-07-12 08:51:42,48.362068965517246,99.55555555555556,203.125,46.25,4.500000000000001,46.95652173913044,0.0,233.39877300613497,0.0,0.0,13.745398773006134
1069,2020-07-12 08:51:43,24.410714285714292,79.21052631578951,78.33333333333336,42.50000000000002,4.891304347826087,24.73809523809524,373.281,415.86,0.0,0.0,100.811
1070,2020-07-12 08:51:44,34.16666666666666,27.142857142857146,208.75000000000006,36.250000000000014,4.500000000000001,23.81730769230769,187.89579158316633,509.2054108216433,0.0,0.0,0.0
1071,2020-07-12 08:51:45,22.635593220338986,91.83098591549296,46.911764705882355,5.499999999999998,4.500000000000001,24.624999999999996,10.341974077766702,526.6380857427718,0.20438683948155537,0.0,1055.7986041874378
1072,2020-07-12 08:51:46,28.166666666666668,203.42105263157902,223.00000000000003,81.66666666666667,72.5,23.125,0.0,359.9910269192423,0.0,0.0,0.0
1073,2020-07-12 08:51:47,25.714285714285733,225.3846153846153,201.66666666666666,10.999999999999991,43.57142857142857,34.553571428571445,0.0,379.43426294820716,0.0,0.0,61.04980079681275
1074,2020-07-12 08:51:48,23.636363636363644,87.4390243902439,220.0,4.500000000000001,9.000000000000002,40.57692307692308,114.26135216952574,511.5882946518668,0.0,42.67810292633704,0.0
1075,2020-07-12 08:51:49,36.16666666666667,86.0,220.0,,,35.83333333333335,0.0,432.214,0.0,0.0,0.0
1076,2020-07-12 08:51:50,71.42857142857143,87.56410256410255,49.28571428571429,79.99999999999999,53.33333333333332,152.20000000000002,0.0,365.3290129611167,0.0,0.0,0.0
1077,2020-07-12 08:51:51,40.66666666666669,84.00000000000001,216.25000000000006,4.500000000000001,65.0,70.3846153846154,61.18355065195587,392.9468405215647,9.689067201604814,0.0,349.86258776328987
1078,2020-07-12 08:51:52,41.35135135135136,193.55263157894746,222.50000000000003,44.77272727272727,33.74999999999999,75.13157894736842,0.0,394.744,0.0,0.0,0.867
1079,2020-07-12 08:51:53,24.70731707317073,97.41379310344827,232.49999999999997,92.14285714285715,24.5,41.875,335.675,451.7,0.0,0.0,74.151
1080,2020-07-12 08:51:54,32.49999999999998,96.64062500000001,84.99999999999999,4.949999999999999,81.66666666666667,47.15909090909091,155.49101796407186,424.501996007984,0.0,0.0,0.0
1081,2020-07-12 08:51:55,35.2777777777778,97.46153846153847,227.5,63.333333333333364,4.736842105263159,24.950549450549456,50.979145978152935,303.7795431976167,0.20357497517378353,0.0,1011.537239324727
1082,2020-07-12 08:51:56,21.14285714285715,231.42857142857133,197.5,87.5,90.00000000000001,22.477272727272727,0.0,432.7800201816347,0.0,0.0,0.0
1083,2020-07-12 08:51:57,26.00000000000001,92.85714285714286,47.5,4.500000000000001,80.0,22.281250000000004,0.0,90.30039138943248,0.0,0.0,86.77103718199609
1084,2020-07-12 08:51:58,133.75000000000006,189.99999999999946,,,,44.468085106382986,116.51256281407035,69.71557788944723,0.0,39.83316582914573,0.0
1085,2020-07-12 08:51:59,84.13793103448278,209.41176470588238,216.66666666666669,73.75000000000001,39.5,44.23913043478263,0.0,0.0,0.0,0.0,0.0
1086,2020-07-12 08:52:00,229.75,199.00000000000003,95.0,,,99.84375000000001,0.0,279.1469098277609,0.0,0.0,0.0
1087,2020-07-12 08:52:01,82.77777777777779,194.6551724137931,233.0,107.50000000000011,68.33333333333336,84.99999999999999,65.565,323.592,6.78,0.0,131.947
1088,2020-07-12 08:52:02,170.62500000000003,114.99999999999999,229.375,,,33.750000000000014,0.0,409.0469530469531,0.0,0.0,76.58141858141859
1089,2020-07-12 08:52:03,52.77777777777778,80.00000000000001,46.25,85.625,9.222222222222221,34.16666666666668,269.55911823647295,428.2685370741483,0.0,0.0,44.31563126252505
1090,2020-07-12 08:52:04,93.38709677419357,231.11111111111111,223.33333333333331,4.500000000000001,,214.4186046511628,126.64936336924585,180.18413320274243,0.0,0.0,0.0
1091,2020-07-12 08:52:05,35.86956521739129,99.2857142857143,100.0,85.00000000000001,24.700000000000006,46.37500000000002,32.773700305810394,468.41896024464836,0.2089704383282365,0.0,746.9235474006117
1092,2020-07-12 08:52:06,26.50000000000003,173.6956521739131,144.99999999999994,40.500000000000014,7.6250000000000036,34.375,28.40877367896311,358.8464606181456,0.0,0.0,0.0
1093,2020-07-12 08:52:07,52.14285714285711,108.99999999999999,92.66666666666667,6.874999999999999,6.166666666666668,47.180851063829785,0.0,371.5371485943775,0.0,0.0,127.71787148594377
1094,2020-07-12 08:52:08,55.88235294117647,80.62500000000004,159.99999999999997,4.500000000000001,57.50000000000002,35.83333333333333,120.276,455.043,0.0,31.92,0.0
1095,2020-07-12 08:52:09,36.250000000000014,165.71428571428572,54.999999999999986,,,40.38461538461539,0.0,452.479,0.0,0.0,0.0
1096,2020-07-12 08:52:10,55.29411764705885,226.94444444444449,180.0,4.500000000000001,4.500000000000001,48.625000000000014,0.0,397.5882352941177,0.0,0.0,0.0
1097,2020-07-12 08:52:11,22.24,88.84615384615387,220.0,80.83333333333336,6.1666666666666705,26.730769230769226,91.30838323353294,346.62175648702595,8.682634730538922,0.0,308.5039920159681
1098,2020-07-12 08:52:12,22.461538461538463,228.40000000000006,225.625,85.00000000000001,99.1666666666667,20.30645161290323,0.0,415.4740518962076,0.0,0.0,9.019960079840319
1099,2020-07-12 08:52:13,23.730769230769234,166.0,98.18181818181819,4.750000000000001,4.500000000000001,30.65789473684212,177.126,408.046,0.0,0.0,83.131
1100,2020-07-12 08:52:14,22.949367088607598,98.85964912280706,75.00000000000001,,,24.441176470588236,224.55745967741936,493.47177419354836,0.0,0.0,0.0
1101,2020-07-12 08:52:15,36.000000000000014,93.00000000000001,208.00000000000003,63.33333333333335,16.000000000000018,59.73684210526321,71.96603396603396,378.05294705294705,0.20479520479520483,0.0,988.885114885115
1102,2020-07-12 08:52:16,165.25,244.23076923076923,366.6666666666667,114.99999999999994,59.99999999999997,102.00000000000017,36.145,378.623,0.0,0.0,0.0
1103,2020-07-12 08:52:17,82.09302325581397,155.71428571428578,225.76923076923077,4.500000000000001,85.625,24.875,0.0,440.1621621621622,0.0,0.0,14.687687687687689
1104,2020-07-12 08:52:18,75.83333333333337,98.81818181818181,178.75000000000003,,,45.340909090909115,147.1769383697813,419.77833001988074,0.0,40.190854870775354,0.0
1105,2020-07-12 08:52:19,42.87037037037037,161.42857142857147,229.375,23.6875,78.75,104.61538461538478,0.0,420.65593561368206,0.0,0.0,0.0
1106,2020-07-12 08:52:20,45.37037037037035,92.88461538461539,137.49999999999994,80.83333333333334,9.749999999999998,36.250000000000014,0.0,420.7447657028914,0.0,0.0,0.0
1107,2020-07-12 08:52:21,24.196428571428573,192.4,144.99999999999994,4.781250000000001,41.250000000000036,38.846153846153875,86.03692614770459,440.63972055888223,9.580838323353293,0.0,403.5788423153693
1108,2020-07-12 08:52:22,58.124999999999986,219.53125,224.28571428571428,71.25000000000003,39.16666666666669,135.0000000000001,0.0,221.43023255813955,0.0,0.0,0.0
1109,2020-07-12 08:52:23,43.92857142857143,202.89999999999998,96.66666666666669,42.49999999999999,82.50000000000001,49.84848484848486,163.65392561983472,475.83574380165294,0.0,0.0,104.4555785123967
1110,2020-07-12 08:52:24,58.50000000000004,175.0,221.87500000000003,4.5,54.99999999999998,66.15384615384619,291.92949354518373,463.5700099304866,0.0,0.0,0.0
1111,2020-07-12 08:52:25,87.8,93.5,82.49999999999999,4.500000000000001,4.500000000000001,44.58333333333334,54.61274014155713,251.23053589484329,0.20728008088978767,0.0,954.4550050556118
1112,2020-07-12 08:52:26,40.83333333333335,88.24074074074076,199.37500000000006,28.750000000000018,46.500000000000014,37.27272727272728,30.051643192488264,441.3370892018779,0.0,0.0,0.0
1113,2020-07-12 08:52:27,22.199999999999996,157.00000000000003,80.0,68.75000000000003,21.999999999999986,22.40677966101695,0.0,382.35995740149093,0.0,0.0,159.19914802981896
1114,2020-07-12 08:52:28,90.71428571428575,175.8333333333334,152.50000000000009,62.5,6.000000000000001,50.55555555555561,142.425,433.155,0.0,42.56,0.0
1115,2020-07-12 08:52:29,109.2307692307694,230.0909090909091,92.5,21.400000000000002,8.8,36.01851851851852,0.0,283.7246231155779,0.0,0.0,0.0
1116,2020-07-12 08:52:30,46.10294117647059,91.27906976744187,219.99999999999997,,,46.03448275862069,0.0,411.28871128871134,0.0,0.007992007992007994,0.0
1117,2020-07-12 08:52:31,44.50000000000003,211.99999999999997,86.66666666666667,38.75,69.99999999999999,67.50000000000001,54.779220779220786,424.6773226773227,9.110889110889111,0.0,292.42757242757244
1118,2020-07-12 08:52:32,45.89285714285714,113.92857142857135,115.0,8.0,7.0,38.541666666666686,0.0,384.74274274274273,0.0,0.0,80.36736736736736
1119,2020-07-12 08:52:33,32.70833333333334,86.50000000000003,94.28571428571429,81.99999999999999,4.5,42.083333333333336,179.943,252.448,0.0,0.0,65.802
1120,2020-07-12 08:52:34,74.0909090909091,90.45454545454547,219.99999999999997,,,48.749999999999986,207.5928143712575,122.50099800399202,0.0,0.0,0.0
1121,2020-07-12 08:52:35,223.07692307692312,231.53846153846152,190.0,,,93.50000000000009,47.58964143426295,105.7480079681275,0.20418326693227093,0.0,684.9970119521912
1122,2020-07-12 08:52:36,116.50000000000004,89.16666666666667,233.84615384615384,87.77777777777779,9.833333333333334,42.34848484848486,50.52366565961732,265.14904330312186,0.0,0.0,0.0
1123,2020-07-12 08:52:37,172.69230769230768,185.0,219.99999999999997,,,75.41666666666669,0.0,22.94805194805195,0.0,0.0,181.14985014985015
1124,2020-07-12 08:52:38,48.38235294117647,180.76923076923077,,45.00000000000001,16.000000000000007,49.08333333333335,175.01696606786427,431.4301397205589,0.0,31.856287425149702,0.0
1125,2020-07-12 08:52:39,41.2962962962963,221.95652173913047,226.42857142857144,16.750000000000004,45.00000000000001,46.94444444444444,0.0,327.28557114228454,0.0,0.0,0.0
1126,2020-07-12 08:52:40,86.71428571428572,218.63636363636363,205.00000000000003,76.66666666666666,70.00000000000001,178.21428571428578,0.0,344.816,0.0,0.0,0.0
1127,2020-07-12 08:52:41,53.66666666666669,93.8679245283019,227.5,9.333333333333334,80.00000000000001,46.63461538461539,78.84,444.19,6.9,0.0,260.092
1128,2020-07-12 08:52:42,40.119047619047606,231.4705882352941,221.25,71.25,8.083333333333334,63.958333333333364,0.0,381.3808574277169,0.0,0.0,37.11266201395813
1129,2020-07-12 08:52:43,24.23255813953489,163.0,94.0,5.7499999999999964,14.499999999999979,40.238095238095255,97.48293172690762,369.7881526104418,0.0,0.0,77.88253012048193
1130,2020-07-12 08:52:44,22.639344262295083,86.45454545454545,114.99999999999994,6.166666666666666,4.704545454545454,40.92105263157895,237.632,409.335,0.0,0.0,0.0
1131,2020-07-12 08:52:45,23.6,180.15624999999997,178.00000000000006,,,71.94444444444446,1.465,439.389,0.205,0.0,887.957
1132,2020-07-12 08:52:46,85.46511627906978,221.81818181818187,250.00000000000045,71.66666666666669,93.0,37.98076923076923,5.10989010989011,359.73826173826177,0.0,0.0,0.0
1133,2020-07-12 08:52:47,45.67307692307693,97.04225352112675,190.00000000000006,73.33333333333336,8.500000000000004,32.72727272727273,0.0,425.1958041958042,0.0,0.0,113.35564435564437
1134,2020-07-12 08:52:48,41.2,156.42857142857147,107.50000000000004,16.375,77.00000000000001,24.26086956521739,171.54445554445556,373.0079920079921,0.0,40.92307692307693,0.0
1135,2020-07-12 08:52:49,26.590909090909076,105.7692307692307,47.5,4.821428571428572,17.5,23.384615384615387,0.0,536.7037037037037,0.0,0.0,0.0
1136,2020-07-12 08:52:50,24.644736842105264,86.71428571428574,215.00000000000003,42.50000000000001,25.0,51.66666666666669,0.0,334.44710578842313,0.0,0.0,0.0
1137,2020-07-12 08:52:51,33.6607142857143,91.87500000000003,83.74999999999999,39.37500000000001,9.500000000000005,47.32142857142856,147.59448818897636,468.9389763779527,9.921259842519685,0.0,208.60039370078738
1138,2020-07-12 08:52:52,140.3124999999999,216.35135135135133,312.49999999999994,36.87500000000003,74.99999999999996,34.43548387096776,0.0,361.6928571428572,0.0,0.0,0.0
1139,2020-07-12 08:52:53,23.744186046511633,184.0,212.5,15.250000000000009,47.500000000000014,27.083333333333336,133.811,402.338,0.0,0.0,150.331
1140,2020-07-12 08:52:54,39.19642857142857,86.05263157894738,208.75,4.500000000000001,75.00000000000001,19.910714285714292,325.33632734530937,480.4181636726547,0.0,0.0,0.0
1141,2020-07-12 08:52:55,26.071428571428545,188.54838709677418,93.42105263157896,4.500000000000001,4.500000000000001,49.53947368421052,27.78878878878879,366.061061061061,0.20520520520520522,0.0,985.2672672672672
1142,2020-07-12 08:52:56,24.23529411764706,191.55172413793105,200.0,4.750000000000001,32.50000000000003,34.558823529411754,99.86878727634195,350.27833001988074,0.0,0.0,0.0
1143,2020-07-12 08:52:57,31.195652173913057,161.07142857142867,187.49999999999997,16.00000000000001,72.50000000000003,36.16071428571429,0.0,423.65719882468176,0.0,0.0,124.59647404505388
1144,2020-07-12 08:52:58,80.68181818181823,229.32432432432435,250.0,4.764705882352941,84.99999999999999,163.75000000000006,121.63897435897437,212.51282051282053,0.0,42.83282051282052,0.0
1145,2020-07-12 08:52:59,23.994680851063833,168.88888888888897,195.0,4.500000000000001,4.846153846153847,22.60000000000001,0.0,326.7699203187251,0.0,0.0,0.0
1146,2020-07-12 08:53:00,24.543478260869563,155.00000000000009,96.00000000000001,4.500000000000001,16.000000000000032,36.93181818181819,0.0,404.171,0.0,0.0,0.0
1147,2020-07-12 08:53:01,23.371428571428577,93.77777777777779,100.00000000000027,14.499999999999995,22.000000000000007,24.625000000000004,71.10557768924303,461.703187250996,9.56175298804781,0.0,117.63446215139442
1148,2020-07-12 08:53:02,24.188524590163933,145.00000000000006,129.99999999999997,4.500000000000001,63.33333333333332,25.789473684210524,0.0,397.80182002022246,0.0,0.0,0.0
1149,2020-07-12 08:53:03,44.16666666666668,195.86956521739134,92.22222222222221,4.500000000000001,7.750000000000002,39.26470588235295,64.31636726546905,503.0129740518962,0.0,0.0,163.79540918163673
1150,2020-07-12 08:53:04,93.47826086956522,227.08333333333331,197.5,4.846153846153847,76.66666666666669,155.26315789473685,281.54754754754754,413.6946946946947,0.0,0.0,0.0
1151,2020-07-12 08:53:05,37.76785714285715,97.63157894736844,218.63636363636363,72.50000000000001,65.0,43.409090909090914,8.470873786407767,454.84077669902916,0.0,0.0,990.9378640776699
1152,2020-07-12 08:53:06,80.38461538461539,149.41176470588235,91.66666666666667,86.0,8.875000000000002,43.18181818181819,195.40432098765433,255.6244855967078,0.2109053497942387,0.0,0.0
1153,2020-07-12 08:53:07,68.00000000000001,98.06451612903228,175.00000000000009,4.875,4.95,93.33333333333329,0.0,318.2006018054162,0.0,0.0,263.78034102306924
1154,2020-07-12 08:53:08,36.15384615384616,177.5,246.47058823529414,44.583333333333336,88.33333333333334,34.27419354838712,127.23541048466865,466.2403560830861,0.0,39.99208704253215,0.0
1155,2020-07-12 08:53:09,54.99999999999999,84.375,130.00000000000009,9.500000000000002,81.66666666666667,20.937500000000004,0.0,215.03437815975732,0.0,0.0,0.0
1156,2020-07-12 08:53:10,227.94117647058823,92.50000000000001,,,,47.55555555555556,0.0,0.0,0.0,0.0,0.0
1157,2020-07-12 08:53:11,107.50000000000013,89.58333333333334,227.5,,,85.90909090909092,80.2408163265306,204.25,8.142857142857142,0.0,140.75
1158,2020-07-12 08:53:12,96.81034482758622,157.00000000000006,233.125,88.0,4.500000000000001,178.75000000000003,0.0,235.15430861723445,0.0,0.0,1.2354709418837677
1159,2020-07-12 08:53:13,83.46153846153847,213.99999999999997,230.50000000000003,74.00000000000001,54.99999999999999,79.0909090909091,106.61744301288407,39.179385530227954,0.0,0.0,70.29335976214074
1160,2020-07-12 08:53:14,48.5,270.3125,232.0,47.5,68.33333333333336,81.50000000000004,164.76328986960883,475.60180541624874,0.0,0.0,0.0
1161,2020-07-12 08:53:15,68.1578947368421,217.00000000000003,185.0,44.99999999999999,80.0,42.142857142857146,23.23464249748238,221.5287009063444,0.0,0.0,829.7552870090634
1162,2020-07-12 08:53:16,40.58333333333334,124.00000000000004,231.84210526315792,4.846153846153847,93.0769230769231,86.73469387755105,56.08490566037736,415.8877358490566,0.19339622641509432,0.0,0.0
1163,2020-07-12 08:53:17,48.55263157894738,145.0000000000001,98.57142857142858,,,152.50000000000003,0.0,180.25238600212091,0.0,0.0,105.5440084835631
1164,2020-07-12 08:53:18,37.031250000000014,93.09523809523807,84.99999999999999,69.99999999999999,24.400000000000002,24.755813953488374,155.22233104799218,432.0803134182175,0.0,31.263467189030365,0.0
1165,2020-07-12 08:53:19,41.03658536585367,95.29411764705884,208.33333333333331,72.0,64.99999999999999,41.00000000000001,0.0,569.2190669371197,0.0,0.0,0.0
1166,2020-07-12 08:53:20,22.246835443037973,94.73684210526318,229.54545454545456,62.5,88.33333333333334,23.83620689655172,0.0,366.7987927565392,0.0,0.0,0.0
1167,2020-07-12 08:53:21,60.00000000000005,233.96551724137933,156.2500000000001,4.891304347826087,6.999999999999993,40.08333333333332,106.98597194388778,457.19639278557116,7.935871743486974,0.0,270.68937875751504
1168,2020-07-12 08:53:22,43.30357142857143,96.14285714285714,47.5,,,38.75000000000001,0.0,400.8066132264529,0.0,0.0,71.98396793587175
1169,2020-07-12 08:53:23,24.57608695652175,91.37254901960787,220.0,85.00000000000001,9.166666666666668,22.500000000000007,117.85302879841113,316.93346573982126,0.0,0.0,68.9751737835154
1170,2020-07-12 08:53:24,52.333333333333265,98.31168831168831,125.00000000000017,4.687500000000001,58.33333333333339,48.846153846153875,241.77077077077075,480.7747747747748,0.0,0.0,0.0
1171,2020-07-12 08:53:25,52.94117647058825,91.1,211.00000000000003,81.25000000000001,8.75,36.50000000000003,54.08953722334004,429.41448692152915,0.0,0.0,841.8138832997988
1172,2020-07-12 08:53:26,40.60000000000001,88.80952380952382,225.45454545454544,,,68.6666666666667,97.01598401598402,456.6333666333667,0.20479520479520483,0.0,0.0
1173,2020-07-12 08:53:27,73.33333333333329,205.4838709677419,248.3333333333333,85.00000000000001,46.66666666666671,49.38888888888891,0.0,366.7848605577689,0.0,0.0,164.15537848605575
1174,2020-07-12 08:53:28,221.27118644067795,230.1785714285714,199.00000000000003,4.500000000000001,83.75000000000001,69.31818181818181,180.9089089089089,457.2082082082082,0.0,42.6026026026026,0.0
1175,2020-07-12 08:53:29,26.406249999999986,191.578947368421,122.50000000000001,77.00000000000001,9.428571428571429,39.25675675675677,0.0,393.7184368737475,0.0,0.0,0.0
1176,2020-07-12 08:53:30,43.392857142857146,164.03846153846158,130.0000000000001,23.5,19.00000000000001,42.3780487804878,0.0,455.53453453453454,0.0,0.008008008008008008,0.0
1177,2020-07-12 08:53:31,191.25000000000003,168.07692307692304,194.99999999999997,39.16666666666669,70.00000000000001,27.66666666666665,58.03021442495126,448.10233918128654,8.947368421052632,0.0,291.73879142300194
1178,2020-07-12 08:53:32,229.10714285714283,94.84375000000001,97.85714285714286,4.764705882352942,55.000000000000014,35.95238095238098,0.0,404.01322482197355,0.0,0.0,156.82807731434386
1179,2020-07-12 08:53:33,48.94736842105264,115.00000000000021,160.00000000000006,,,33.43750000000001,134.42828485456369,240.1705115346038,0.0,0.0,84.37713139418256
1180,2020-07-12 08:53:34,75.96153846153848,199.7058823529412,94.23076923076923,4.95,4.500000000000001,124.37499999999989,220.64966313763236,480.59287776708373,0.0,0.0,0.0
1181,2020-07-12 08:53:35,47.85714285714289,149.37499999999997,84.99999999999999,27.499999999999993,7.000000000000001,38.42592592592593,68.13692946058092,245.90041493775934,0.0,0.0,973.3246887966806
1182,2020-07-12 08:53:36,197.87500000000003,95.95238095238095,238.75000000000003,39.375,85.83333333333334,52.35294117647058,59.98190045248869,634.8660633484163,0.18552036199095023,0.0,0.0
1183,2020-07-12 08:53:37,56.250000000000014,156.5384615384616,235.00000000000003,23.5,17.499999999999996,79.00000000000003,0.0,129.43453724604967,0.0,0.0,104.25507900677201
1184,2020-07-12 08:53:38,44.16666666666671,91.03448275862071,232.6923076923077,54.99999999999998,24.07692307692308,43.08823529411765,134.1192118226601,401.4364532019705,0.0,38.786206896551725,0.0
1185,2020-07-12 08:53:39,24.729166666666664,146.57894736842107,87.77777777777779,19.000000000000007,6.333333333333337,82.00000000000007,0.0,383.2563323201621,0.0,0.0,0.0
1186,2020-07-12 08:53:40,95.68965517241381,237.40000000000006,,,,92.90322580645162,0.0,213.09613478691776,0.0,0.0,0.0
1187,2020-07-12 08:53:41,86.70454545454547,217.66666666666669,208.75000000000003,4.714285714285715,78.0,48.62068965517243,57.7010101010101,225.91414141414143,8.666666666666666,0.0,186.7868686868687
1188,2020-07-12 08:53:42,40.723684210526315,158.57142857142864,227.5,,,89.53703703703704,0.0,394.5065065065065,0.0,0.0,49.73373373373373
1189,2020-07-12 08:53:43,49.37499999999997,95.17857142857142,186.25000000000003,44.37500000000001,42.50000000000001,40.06097560975612,254.34734734734735,399.12312312312315,0.0,0.0,114.83983983983984
1190,2020-07-12 08:53:44,23.173913043478265,93.67924528301889,60.00000000000006,6.750000000000001,71.25000000000001,21.71621621621622,140.91408591408594,431.30069930069936,0.0,0.0,0.0
1191,2020-07-12 08:53:45,50.833333333333165,112.0000000000001,137.49999999999991,12.250000000000004,5.750000000000002,32.499999999999986,56.01842870999031,368.11639185257036,0.0,0.0,826.4607177497576
1192,2020-07-12 08:53:46,9.500000000000002,221.66666666666669,235.00000000000003,,,47.5,50.14359504132232,425.0247933884297,0.21177685950413222,0.0,0.0
1193,2020-07-12 08:53:47,83.63636363636363,47.50000000000001,,220.0,95.0,23.416666666666668,0.0,0.0,0.0,0.0,71.34192269573836
1194,2020-07-12 08:53:48,191.87499999999997,81.07142857142858,235.00000000000003,40.416666666666686,41.7857142857143,239.03846153846155,116.47336683417086,106.61306532663316,0.0,32.61507537688442,0.0
1195,2020-07-12 08:53:49,217.75000000000006,93.82352941176471,250.00000000000045,,,95.00000000000001,0.0,311.15301085883516,0.0,0.0,0.0
1196,2020-07-12 08:53:50,91.00000000000001,175.0,213.57142857142858,88.33333333333333,7.166666666666666,170.16129032258064,0.0,182.13096446700507,0.0,0.0,0.0
1197,2020-07-12 08:53:51,95.18518518518519,232.72727272727278,220.00000000000003,,,215.83333333333331,46.710735586481114,167.35785288270375,7.276341948310139,0.0,223.41351888667992
1198,2020-07-12 08:53:52,78.88888888888891,185.62499999999997,230.0,83.75000000000007,8.500000000000025,89.56521739130436,0.0,322.2620967741936,0.0,0.0,4.971774193548387
1199,2020-07-12 08:53:53,23.27058823529412,93.05555555555556,205.00000000000003,32.499999999999986,10.0,39.80769230769233,151.22754491017966,664.7445109780439,0.0,0.0,103.89720558882236
1200,2020-07-12 08:53:54,41.20689655172413,80.4166666666667,90.00000000000001,9.249999999999998,69.99999999999999,44.56250000000001,193.37574552683895,244.1610337972167,0.0,0.0,0.0
1201,2020-07-12 08:53:55,22.450000000000006,132.99999999999994,214.0,76.66666666666669,8.624999999999998,42.5,86.83450351053159,388.7632898696088,0.0,0.0,602.9408224674022
1202,2020-07-12 08:53:56,65.71428571428574,93.27586206896551,175.00000000000006,4.821428571428572,7.5,48.06818181818181,70.63463463463464,382.94994994994994,0.20520520520520522,0.0,0.0
1203,2020-07-12 08:53:57,61.071428571428584,95.78125,160.00000000000006,4.6875,4.891304347826086,68.75000000000007,0.0,574.2116349047142,0.0,0.0,146.12738214643932
1204,2020-07-12 08:53:58,22.9609375,239.0909090909092,228.1818181818182,,,21.304878048780488,84.54945054945055,279.0789210789211,0.0,33.748251748251754,0.0
1205,2020-07-12 08:53:59,24.262295081967213,83.8888888888889,159.99999999999994,92.5,20.5,24.445205479452053,0.0,371.2264529058116,0.0,0.0,0.0
1206,2020-07-12 08:54:00,65.26315789473685,88.22033898305085,141.25,20.8,47.99999999999999,50.26315789473695,0.0,538.6303696303697,0.0,0.0,0.0
1207,2020-07-12 08:54:01,39.19354838709678,128.125,87.50000000000001,4.500000000000001,8.4,40.3125,63.628,363.904,8.82,0.0,405.969
1208,2020-07-12 08:54:02,23.499999999999996,198.91891891891893,208.33333333333337,22.000000000000004,27.500000000000004,79.34210526315792,0.0,607.6806806806807,0.0,0.0,0.0
1209,2020-07-12 08:54:03,23.23387096774194,97.71428571428572,114.99999999999986,8.500000000000007,34.99999999999999,83.85714285714288,311.73726273726277,367.83316683316684,0.0,0.0,77.40659340659342
1210,2020-07-12 08:54:04,24.558823529411768,214.84375,92.85714285714286,22.500000000000004,9.166666666666666,25.0,89.55455455455456,321.22222222222223,0.0,0.0,0.0
1211,2020-07-12 08:54:05,26.500000000000025,183.65384615384616,82.50000000000001,8.75,4.6875,41.0,112.965,243.858,0.0,0.0,808.22
1212,2020-07-12 08:54:06,41.75000000000002,166.52173913043478,230.9090909090909,48.21428571428572,45.83333333333334,90.93749999999997,88.94141012909633,661.3733862959286,0.20357497517378353,0.0,0.0
1213,2020-07-12 08:54:07,48.486842105263165,93.47457627118644,234.34782608695653,48.863636363636374,87.50000000000001,42.719298245614056,0.0,338.52917505030183,0.0,0.0,246.14688128772636
1214,2020-07-12 08:54:08,33.52941176470586,99.23913043478262,207.50000000000003,,,46.66666666666667,91.39528023598821,464.34709931170113,0.0,41.84857423795477,0.0
1215,2020-07-12 08:54:09,38.47222222222223,190.00000000000009,212.5,4.500000000000001,75.00000000000001,25.555555555555507,0.0,380.148743718593,0.0,0.0,0.0
1216,2020-07-12 08:54:10,33.875,206.50000000000003,205.00000000000003,37.500000000000014,87.50000000000003,158.63636363636363,0.0,279.7955465587045,0.0,0.0,0.0
1217,2020-07-12 08:54:11,74.03225806451614,99.1935483870968,337.4999999999999,64.99999999999999,24.699999999999992,70.9677419354839,2.7648221343873516,331.899209486166,9.486166007905139,0.0,316.6699604743083
1218,2020-07-12 08:54:12,36.42857142857144,114.00000000000009,462.5,202.5,26.25000000000002,73.80952380952382,0.0,396.70618034447824,0.0,0.0,0.0
1219,2020-07-12 08:54:13,69.1176470588235,83.97058823529413,235.00000000000003,22.750000000000004,32.500000000000014,80.33333333333341,343.2507492507493,407.17782217782224,0.0,0.0,97.7932067932068
1220,2020-07-12 08:54:14,45.158730158730165,89.9107142857143,165.00000000000003,,,79.65517241379311,127.972,497.875,0.0,0.0,0.0
1221,2020-07-12 08:54:15,76.00000000000001,99.87179487179489,95.0,52.50000000000004,15.500000000000007,42.65624999999999,75.8,417.389,0.0,0.0,896.911
1222,2020-07-12 08:54:16,39.166666666666615,202.5,210.625,98.75000000000001,17.124999999999996,37.94117647058825,36.59362549800797,183.45916334661356,0.20418326693227093,0.0,0.0
1223,2020-07-12 08:54:17,41.395348837209305,120.62500000000013,233.75,81.00000000000001,52.5,96.0294117647059,0.0,401.12637913741224,0.0,0.0,168.10832497492476
1224,2020-07-12 08:54:18,47.30769230769231,111.00000000000007,233.33333333333334,,,58.50000000000006,123.46400778210116,472.81420233463035,0.0,37.00194552529182,0.0
1225,2020-07-12 08:54:19,160.68181818181824,95.98360655737704,234.16666666666663,6.500000000000004,9.954545454545455,84.6774193548387,0.0,344.92229038854805,0.0,0.0,0.0
1226,2020-07-12 08:54:20,53.076923076923066,109.375,92.5,4.500000000000001,90.00000000000001,67.77777777777777,0.0,422.23665659617325,0.0,0.0,0.0
1227,2020-07-12 08:54:21,24.146153846153844,98.87755102040815,96.78571428571428,4.500000000000001,4.725,42.62499999999999,73.10279441117764,472.2744510978044,7.604790419161676,0.0,320.20259481037925
1228,2020-07-12 08:54:22,173.12499999999994,207.91666666666669,239.09090909090912,52.50000000000008,18.25000000000001,52.49999999999997,0.0,349.89730807577274,0.0,0.0,0.0
1229,2020-07-12 08:54:23,25.0,165.00000000000009,160.00000000000014,16.000000000000018,4.500000000000001,43.58108108108109,275.3189568706118,358.79037111334003,0.0,0.0,131.97592778335004
1230,2020-07-12 08:54:24,26.805555555555586,94.74358974358975,48.5,4.875,9.499999999999995,27.79411764705881,157.5881763527054,548.3617234468937,0.0,0.0,0.0
1231,2020-07-12 08:54:25,60.416666666666636,124.0,98.33333333333334,4.500000000000001,4.500000000000001,27.29166666666665,54.996996996997,432.56856856856854,0.0,0.0,739.4174174174174
1232,2020-07-12 08:54:26,23.682926829268293,125.31250000000004,197.50000000000003,65.00000000000003,47.49999999999999,22.68421052631579,49.406593406593416,419.51248751248755,0.20479520479520483,0.0,0.0
1233,2020-07-12 08:54:27,40.900000000000006,187.72727272727272,232.6923076923077,52.50000000000004,68.33333333333336,46.97368421052634,0.0,371.751,0.0,0.0,167.794
1234,2020-07-12 08:54:28,50.0,222.62500000000009,229.64285714285714,91.92307692307693,9.833333333333336,36.42857142857143,182.73852295409182,353.9311377245509,0.0,39.554890219560875,0.0
1235,2020-07-12 08:54:29,32.96875000000002,86.48936170212765,226.42857142857144,,,38.2142857142857,0.0,483.5290581162325,0.0,0.0,0.0
1236,2020-07-12 08:54:30,41.53846153846154,69.54545454545458,91.66666666666667,76.25000000000001,6.833333333333334,63.000000000000014,0.0,409.43243243243245,0.0,0.008008008008008008,0.0
1237,2020-07-12 08:54:31,25.384615384615405,96.14942528735634,181.00000000000009,81.25000000000001,8.25,22.845070422535215,109.70705064548163,332.2681231380338,9.414101290963258,0.0,351.7100297914598
1238,2020-07-12 08:54:32,31.875000000000043,93.48101265822784,208.00000000000003,38.749999999999986,8.666666666666666,24.910000000000007,0.0,376.97687861271675,0.0,0.0,0.0
1239,2020-07-12 08:54:33,32.22222222222225,92.83783783783785,193.75,70.00000000000003,72.49999999999999,23.41176470588235,254.0607329842932,355.57801047120415,0.0,0.0,34.23141361256545
1240,2020-07-12 08:54:34,26.25000000000001,50.00000000000009,,,,22.833333333333336,87.25774225774227,0.0,0.0,0.0,0.0
1241,2020-07-12 08:54:35,95.0,,235.00000000000003,4.500000000000001,4.500000000000001,90.00000000000001,49.482,0.0,0.0,0.0,977.459
1242,2020-07-12 08:54:36,232.2727272727273,229.16666666666669,,,,45.625,26.774,3.315,0.205,0.0,0.0
1243,2020-07-12 08:54:37,,,,,,41.24999999999999,0.0,66.3,0.0,0.0,64.817
1244,2020-07-12 08:54:38,9.500000000000002,,,,,95.0,150.952,0.0,0.0,27.664,0.0
1245,2020-07-12 08:54:39,37.50000000000001,22.000000000000004,,,,95.0,0.0,0.0,0.0,0.0,0.0
1246,2020-07-12 08:54:40,90.00000000000001,93.8888888888889,,,,93.62068965517243,0.0,56.16517412935324,0.0,0.0,0.0
1247,2020-07-12 08:54:41,221.2857142857143,90.00000000000001,235.00000000000003,93.18181818181819,9.772727272727273,195.0,18.939539347408825,0.0,2.9366602687140118,0.0,75.10556621880998
1248,2020-07-12 08:54:42,161.25000000000006,199.47368421052636,98.33333333333334,,,71.66666666666669,0.0,282.66247379454927,0.0,0.0,0.0
1249,2020-07-12 08:54:43,23.54615384615385,110.00000000000016,235.00000000000003,4.500000000000001,76.66666666666666,65.31250000000003,70.944,395.126,0.0,0.0,3.128
1250,2020-07-12 08:54:44,53.999999999999964,94.41176470588236,190.0,93.8888888888889,9.214285714285715,45.750000000000014,48.91182364729459,266.99899799599194,0.0,0.0,0.0
1251,2020-07-12 08:54:45,24.54166666666667,100.00000000000016,90.0,34.16666666666667,40.00000000000001,39.54545454545455,20.144710578842314,209.36027944111777,0.0,0.0,338.8193612774451
1252,2020-07-12 08:54:46,29.285714285714377,45.96153846153846,212.50000000000003,4.500000000000001,72.50000000000003,25.000000000000103,22.28699106256207,352.8391261171798,0.20357497517378353,0.0,0.0
1253,2020-07-12 08:54:47,34.3421052631579,34.875,200.0,5.0,42.083333333333336,61.07142857142857,0.0,369.03629032258067,0.0,0.0,206.32862903225805
1254,2020-07-12 08:54:48,21.727272727272734,23.91489361702128,76.00000000000001,25.000000000000046,4.500000000000001,23.70454545454545,62.788480635551146,468.59582919563064,0.0,25.358490566037737,0.0
1255,2020-07-12 08:54:49,24.02631578947369,23.6875,75.00000000000003,,,35.882352941176464,0.0,671.1626506024096,0.0,0.0,0.0
1256,2020-07-12 08:54:50,23.928571428571434,43.80952380952381,197.50000000000003,4.500000000000001,4.500000000000001,33.61111111111118,0.0,449.0,0.0,0.0,0.0
1257,2020-07-12 08:54:51,17.71428571428572,168.99999999999997,210.00000000000003,4.78125,57.50000000000002,33.40909090909092,70.4729064039409,191.07389162561577,8.807881773399016,0.0,87.93300492610838
1258,2020-07-12 08:54:52,62.77777777777779,42.11538461538461,95.0,4.500000000000001,4.500000000000001,127.27272727272731,0.0,0.0,0.0,0.0,0.0
1259,2020-07-12 08:54:53,232.20000000000002,223.0,234.0625,,,217.75,334.6943793911007,149.35480093676816,0.0,0.0,91.51522248243559
1260,2020-07-12 08:54:54,48.98437500000001,197.5,,48.5,36.666666666666664,71.36363636363635,152.12291052114062,182.13864306784663,0.0,0.0,0.0
1261,2020-07-12 08:54:55,43.13953488372092,96.81818181818186,461.36363636363643,92.8125,9.350000000000001,49.358974358974365,46.171747967479675,461.3384146341463,0.0,0.0,813.385162601626
1262,2020-07-12 08:54:56,64.72222222222221,147.72727272727278,425.00000000000006,,,58.461538461538474,39.84646061814557,472.3389830508475,0.20438683948155537,0.0,0.0
1263,2020-07-12 08:54:57,29.21052631578948,60.000000000000036,231.25,84.16666666666667,13.000000000000002,49.25,0.0,0.0,0.0,0.0,178.64064064064064
1264,2020-07-12 08:54:58,22.10714285714286,57.99999999999983,208.75,9.000000000000007,63.333333333333364,45.89743589743591,35.315996074582934,918.1383709519138,0.0,31.585868498527972,0.0
1265,2020-07-12 08:54:59,45.71428571428574,44.35185185185185,196.00000000000003,30.00000000000009,4.500000000000001,53.235294117647044,0.0,0.0,0.0,0.0,0.0
1266,2020-07-12 08:55:00,24.910000000000004,23.500000000000007,223.75,80.00000000000001,4.500000000000001,24.662500000000005,0.0,505.2507492507493,0.0,0.0,0.0
1267,2020-07-12 08:55:01,23.93636363636364,23.48214285714286,145.00000000000003,71.6666666666667,75.00000000000001,44.34782608695651,110.23541048466865,512.4797230464886,6.587537091988132,0.0,234.73986152324431
1268,2020-07-12 08:55:02,38.235294117647065,45.08620689655172,205.00000000000003,11.500000000000021,4.500000000000001,34.615384615384585,0.0,461.2593718338399,0.0,0.0,0.0
1269,2020-07-12 08:55:03,75.00000000000003,45.55555555555556,199.0,49.166666666666686,65.00000000000003,48.197674418604656,140.1313432835821,507.4487562189055,0.0,0.0,65.67960199004976
1270,2020-07-12 08:55:04,77.33333333333334,66.76470588235294,216.25,,,73.42105263157899,194.2710843373494,410.23192771084337,0.0,0.0,0.0
1271,2020-07-12 08:55:05,49.62765957446809,37.42424242424243,114.99999999999986,20.249999999999996,11.50000000000001,61.500000000000014,88.15984015984017,535.4875124875125,0.0,0.0,897.2257742257743
1272,2020-07-12 08:55:06,35.21739130434785,25.000000000000057,165.00000000000009,4.500000000000001,4.500000000000001,39.65909090909091,99.93966369930763,489.92680514342237,0.2027695351137488,0.0,0.0
1273,2020-07-12 08:55:07,43.27777777777778,40.5,98.21428571428572,4.500000000000001,68.33333333333333,46.14583333333333,0.0,475.4807692307692,0.0,0.0,149.27327935222672
1274,2020-07-12 08:55:08,34.58333333333334,32.38095238095241,93.12500000000001,6.500000000000004,4.725,32.962962962962955,143.983,365.432,0.0,42.56,0.0
1275,2020-07-12 08:55:09,27.666666666666682,21.100000000000005,207.50000000000003,,,50.90909090909093,0.0,530.789,0.0,0.0,0.0
1276,2020-07-12 08:55:10,30.0,38.92857142857144,231.53846153846155,5.0,80.0,96.25000000000038,0.0,371.4900596421471,0.0,0.0,0.0
1277,2020-07-12 08:55:11,43.33333333333334,40.769230769230795,65.0,66.6666666666667,10.0,74.68749999999997,146.3259779338014,610.3781344032096,9.568706118355065,0.0,437.98696088264796
1278,2020-07-12 08:55:12,30.000000000000004,34.06249999999999,178.74999999999997,37.500000000000014,46.25000000000001,86.66666666666676,0.0,0.0,0.0,0.0,0.0
1279,2020-07-12 08:55:13,58.88888888888889,22.73770491803279,94.00000000000003,,65.00000000000003,44.79166666666667,20.54054054054054,530.0790790790791,0.0,0.0,41.53553553553554
1280,2020-07-12 08:55:14,44.01515151515152,32.40740740740743,84.28571428571429,5.0,4.7368421052631575,37.50000000000002,279.16437007874015,494.86318897637796,0.0,0.0,0.0
1281,2020-07-12 08:55:15,38.6904761904762,22.07142857142858,235.00000000000003,25.0,5.0,22.794117647058826,0.1158974358974359,329.5712820512821,0.0,0.0,933.2153846153847
1282,2020-07-12 08:55:16,24.77659574468085,20.10294117647059,150.0,4.7368421052631575,50.0,23.231578947368423,87.348,258.57,0.205,0.0,0.0
1283,2020-07-12 08:55:17,113.23529411764699,50.00000000000005,100.0,4.5,25.0,37.50000000000001,0.0,674.5149700598803,0.0,0.0,145.62874251497007
1284,2020-07-12 08:55:18,87.08333333333334,36.90476190476191,205.00000000000003,,,76.84210526315789,156.46924603174602,591.546626984127,0.0,40.63888888888889,0.0
1285,2020-07-12 08:55:19,195.8928571428572,63.94736842105267,99.16666666666667,25.000000000000046,83.33333333333334,40.64814814814815,0.0,373.3995963673057,0.0,0.0,0.0
1286,2020-07-12 08:55:20,62.05882352941177,28.40909090909087,228.57142857142858,83.33333333333334,85.71428571428571,23.62650602409639,0.0,481.62324649298597,0.0,0.0,0.0
1287,2020-07-12 08:55:21,43.3695652173913,37.812500000000014,90.00000000000003,10.000000000000053,5.000000000000009,43.10606060606061,173.53746253746257,514.4435564435565,9.590409590409593,0.0,261.2657342657343
1288,2020-07-12 08:55:22,46.66666666666667,140.0,94.28571428571429,,,72.3529411764706,0.0,449.7607607607608,0.0,0.0,0.0
1289,2020-07-12 08:55:23,130.0,24.600000000000005,94.23076923076923,4.736842105263158,40.0,41.75000000000001,107.04373757455268,403.20974155069587,0.0,0.0,69.81212723658052
1290,2020-07-12 08:55:24,76.50000000000001,20.806818181818187,186.24999999999997,4.500000000000001,40.00000000000001,40.45454545454545,139.15778894472362,677.332663316583,0.0,0.0,0.0
1291,2020-07-12 08:55:25,64.21052631578948,54.375000000000036,91.81818181818183,4.7368421052631575,4.5,82.05128205128209,77.49211045364892,430.59664694280076,0.0,0.0,939.3589743589744
1292,2020-07-12 08:55:26,42.371794871794876,29.16666666666669,48.95833333333334,,,33.43750000000001,126.38993089832182,429.9526159921027,0.20236920039486678,0.0,0.0
1293,2020-07-12 08:55:27,23.7542372881356,23.057377049180335,81.25,5.0,4.500000000000001,23.55,0.0,347.0554984583762,0.0,0.0,258.7173689619733
1294,2020-07-12 08:55:28,47.17391304347827,77.34375000000003,160.0,4.736842105263158,5.0,46.339285714285744,114.68855721393035,372.50945273631845,0.0,39.17213930348259,0.0
1295,2020-07-12 08:55:29,33.12499999999999,23.62857142857143,80.00000000000001,4.500000000000001,4.500000000000001,32.500000000000014,0.0,331.0181086519115,0.0,0.0,0.0
1296,2020-07-12 08:55:30,23.5,23.35,205.00000000000003,77.5,4.7368421052631575,44.264705882352935,0.0,710.424,0.0,0.008,0.0
1297,2020-07-12 08:55:31,38.87931034482759,22.68478260869565,208.00000000000003,41.25,65.0,34.318181818181834,218.973026973027,392.7192807192808,9.230769230769232,0.0,285.8451548451549
1298,2020-07-12 08:55:32,22.241071428571438,27.6388888888889,190.0,37.50000000000001,65.0,40.53571428571429,0.0,691.044,0.0,0.0,0.0
1299,2020-07-12 08:55:33,22.115384615384617,23.73684210526316,175.0,66.66666666666667,4.7368421052631575,24.8875,162.894,132.351,0.0,0.0,85.338
1300,2020-07-12 08:55:34,23.41346153846154,40.80357142857142,137.5,,,48.425925925925924,118.8968968968969,534.2332332332332,0.0,0.0,0.0
1301,2020-07-12 08:55:35,46.76470588235295,22.482142857142858,175.0,50.00000000000009,4.500000000000001,24.462962962962965,46.52947052947054,378.14385614385617,0.0,0.0,887.0179820179821
1302,2020-07-12 08:55:36,40.25,23.869863013698634,185.0,4.5,10.0,43.382352941176514,64.17465069860279,604.3353293413174,0.20459081836327345,0.0,0.0
1303,2020-07-12 08:55:37,41.24999999999999,23.791666666666668,199.0,4.736842105263158,80.00000000000003,24.02777777777778,0.0,518.1078921078921,0.0,0.0,227.37162837162842
1304,2020-07-12 08:55:38,32.49999999999999,39.19117647058824,88.75000000000001,4.736842105263158,5.0,33.95833333333334,147.44689378757516,517.8206412825651,0.0,42.91182364729459,0.0
1305,2020-07-12 08:55:39,23.112903225806456,68.95833333333331,54.99999999999996,,,23.750000000000007,0.0,391.3784860557769,0.0,0.0,0.0
1306,2020-07-12 08:55:40,22.41860465116279,23.6875,47.5,4.500000000000001,4.736842105263158,21.14285714285715,0.0,236.82211055276383,0.0,0.0,0.0
1307,2020-07-12 08:55:41,,,,,,,167.13034825870648,0.0,8.776119402985076,0.0,227.10149253731345
1308,2020-07-12 08:55:42,93.80000000000001,78.57142857142857,,,,93.75000000000001,0.0,79.48051948051949,0.0,0.0,0.0
1309,2020-07-12 08:55:43,,,,,,,132.24974823766365,0.0,0.0,0.0,48.26183282980866
1310,2020-07-12 08:55:44,85.00000000000001,,,,,95.0,74.46007984031937,0.0,0.0,0.0,0.0
1311,2020-07-12 08:55:45,94.16666666666667,,95.0,4.500000000000001,4.500000000000001,95.0,59.74374374374374,0.0,0.0,0.0,537.4294294294294
1312,2020-07-12 08:55:46,95.0,4.500000000000001,,,,92.82051282051283,19.41041041041041,0.0,0.20520520520520522,0.0,0.0
1313,2020-07-12 08:55:47,,,,,,,0.0,0.0,0.0,0.0,94.80619380619382
1314,2020-07-12 08:55:48,230.7142857142857,60.00000000000003,227.5,4.500000000000001,4.500000000000001,84.99999999999999,54.84,23.205,0.0,11.438,0.0
1315,2020-07-12 08:55:49,188.80000000000007,127.50000000000006,96.25,47.00000000000001,4.500000000000001,43.71621621621621,0.0,255.01082677165354,0.0,0.0,0.0
1316,2020-07-12 08:55:50,47.97297297297298,32.66666666666664,87.50000000000001,5.0,4.500000000000001,34.83333333333334,0.0,248.3809523809524,0.0,0.0,0.0
1317,2020-07-12 08:55:51,48.90625,24.733333333333338,197.50000000000003,4.500000000000001,4.500000000000001,24.27027027027027,26.695085255767303,109.00401203610832,2.407221664994985,0.0,79.25877632898697
1318,2020-07-12 08:55:52,45.94827586206897,38.800000000000004,159.99999999999997,4.500000000000001,73.00000000000001,29.404761904761926,0.0,452.767,0.0,0.0,0.0
1319,2020-07-12 08:55:53,88.25000000000001,46.42857142857143,115.00000000000003,4.500000000000001,4.500000000000001,74.23076923076924,79.3548707753479,372.9194831013916,0.0,0.0,8.215705765407554
1320,2020-07-12 08:55:54,96.08695652173914,36.63043478260871,91.25000000000001,,,56.666666666666664,124.3946053946054,516.5164835164836,0.0,0.0,0.0
1321,2020-07-12 08:55:55,49.375,84.57142857142857,208.75000000000003,25.83333333333335,20.928571428571434,40.3030303030303,46.95678391959799,365.6683417085427,0.0,0.0,711.0683417085427
1322,2020-07-12 08:55:56,45.53571428571429,24.97580645161291,90.00000000000001,4.500000000000001,16.750000000000007,39.16666666666668,84.95038167938931,486.8635496183206,0.19561068702290074,0.0,0.0
1323,2020-07-12 08:55:57,28.409090909090914,35.294117647058826,115.00000000000009,4.6607142857142865,8.875000000000002,44.300000000000004,0.0,457.17368421052635,0.0,0.0,116.49684210526316
1324,2020-07-12 08:55:58,38.46153846153847,48.26923076923076,210.00000000000003,,,36.363636363636374,71.24324324324324,413.7437437437437,0.0,38.07607607607608,0.0
1325,2020-07-12 08:55:59,52.000000000000014,203.5,95.0,4.500000000000001,80.00000000000001,157.0,0.0,16.55844155844156,0.0,0.0,0.0
1326,2020-07-12 08:56:00,224.82142857142858,46.25000000000001,227.5,4.500000000000001,85.00000000000001,181.17647058823533,0.0,288.182,0.0,0.0,0.0
1327,2020-07-12 08:56:01,140.7142857142857,47.500000000000014,222.99999999999997,4.500000000000001,90.00000000000001,45.42682926829268,76.642,0.0,7.38,0.0,314.201
1328,2020-07-12 08:56:02,225.0,142.2727272727272,235.00000000000003,,,224.7222222222222,0.0,95.73473473473474,0.0,0.0,3.796796796796797
1329,2020-07-12 08:56:03,48.055555555555536,29.250000000000018,217.50000000000003,50.0,10.0,102.50000000000004,204.59940059940064,512.2797202797203,0.0,0.0,25.993006993006993
1330,2020-07-12 08:56:04,34.375,19.15789473684211,185.00000000000006,26.25000000000001,8.999999999999995,34.5,121.42857142857143,461.0519480519481,0.0,0.0,0.0
1331,2020-07-12 08:56:05,45.7608695652174,31.538461538461544,98.74999999999999,4.725,71.99999999999999,38.5416666666667,41.4500998003992,576.8802395209581,0.0,0.0,760.5189620758482
1332,2020-07-12 08:56:06,24.23026315789474,39.53703703703704,75.00000000000003,,,23.3875,91.21063189568707,471.85656970912737,0.205616850551655,0.0,0.0
1333,2020-07-12 08:56:07,42.04545454545455,161.304347826087,214.54545454545456,4.500000000000001,85.00000000000001,77.12121212121214,0.0,438.779,0.0,0.0,59.796
1334,2020-07-12 08:56:08,32.083333333333336,93.57142857142844,220.0,4.500000000000001,38.33333333333334,43.03191489361702,60.209209209209206,493.14714714714717,0.0,29.555555555555554,0.0
1335,2020-07-12 08:56:09,21.8448275862069,35.17857142857142,190.00000000000003,4.8,4.8,28.970588235294123,0.0,503.98109452736327,0.0,0.0,0.0
1336,2020-07-12 08:56:10,24.538461538461544,77.49999999999991,87.85714285714288,16.000000000000004,16.000000000000004,37.85714285714288,0.0,241.4448818897638,0.0,0.0,0.0
1337,2020-07-12 08:56:11,35.17857142857143,65.22727272727275,90.00000000000001,4.500000000000001,16.00000000000001,33.611111111111136,99.60754332313967,638.908256880734,9.357798165137615,0.0,258.41080530071355
1338,2020-07-12 08:56:12,32.638888888888914,23.36363636363636,91.66666666666667,35.0,35.0,41.944444444444464,0.0,0.0,0.0,0.0,2.7855711422845695
1339,2020-07-12 08:56:13,81.83333333333333,40.60810810810813,92.14285714285715,24.500000000000007,45.00000000000009,32.04545454545456,191.53564356435643,470.4732673267327,0.0,0.0,82.48415841584158
1340,2020-07-12 08:56:14,36.66666666666666,23.206521739130437,86.66666666666667,4.500000000000001,13.000000000000021,33.300000000000026,210.7114026236125,534.0161453077699,0.0,0.0,0.0
1341,2020-07-12 08:56:15,93.06451612903227,136.4285714285715,220.0,,,27.250000000000018,89.972,472.516,0.0,0.0,1044.591
1342,2020-07-12 08:56:16,44.79591836734695,130.00000000000023,225.00000000000003,49.285714285714285,36.250000000000014,26.94444444444442,94.64195121951221,348.98146341463416,0.20000000000000004,0.0,0.0
1343,2020-07-12 08:56:17,24.296875000000004,82.14285714285712,77.50000000000001,4.500000000000001,4.500000000000001,34.89130434782609,0.0,572.7425944841675,0.0,0.0,31.867211440245146
1344,2020-07-12 08:56:18,32.125000000000014,89.44444444444441,91.5,4.500000000000001,4.95,30.88235294117649,38.83115577889447,352.43316582914576,0.0,43.84321608040201,0.0
1345,2020-07-12 08:56:19,24.045454545454547,206.36363636363637,229.0,4.764705882352941,88.75,23.094594594594597,0.0,491.662,0.0,0.0,0.0
1346,2020-07-12 08:56:20,30.357142857142875,24.753731343283583,165.00000000000006,4.500000000000001,34.999999999999986,33.65384615384613,0.0,551.7868525896415,0.0,0.0,0.0
1347,2020-07-12 08:56:21,23.813953488372096,23.02777777777778,80.0,,,81.75,97.80641925777331,507.4363089267804,9.327983951855567,0.0,182.68806419257774
1348,2020-07-12 08:56:22,63.33333333333335,73.07692307692307,195.99999999999994,27.499999999999975,27.499999999999975,63.63636363636368,0.0,404.2327672327673,0.0,0.0,0.0
1349,2020-07-12 08:56:23,23.300000000000004,95.37037037037038,99.16666666666669,4.95,9.000000000000002,23.948051948051948,357.7637637637638,484.9299299299299,0.0,0.0,130.52052052052053
1350,2020-07-12 08:56:24,20.736842105263158,141.47058823529403,82.49999999999999,5.500000000000006,4.764705882352942,20.105263157894736,161.8686274509804,413.4392156862745,0.0,0.0,0.0
1351,2020-07-12 08:56:25,21.882812499999996,22.701612903225808,205.00000000000003,9.00000000000001,86.25000000000001,24.040983606557386,50.581725888324875,550.8233502538071,0.0,0.0,1260.0619289340102
1352,2020-07-12 08:56:26,24.66129032258065,21.663265306122447,202.00000000000003,,,21.908163265306126,49.70964566929133,307.9478346456693,0.2017716535433071,0.0,0.0
1353,2020-07-12 08:56:27,23.622950819672134,49.015151515151516,196.00000000000003,4.500000000000001,4.764705882352942,49.038461538461576,0.0,649.1961184882533,0.0,0.0,0.0
1354,2020-07-12 08:56:28,23.82432432432433,22.57894736842105,229.0,85.00000000000001,4.973684210526317,44.166666666666686,56.27,523.663,0.0,42.56,0.0
1355,2020-07-12 08:56:29,35.75000000000002,26.041666666666682,130.00000000000034,4.75,52.49999999999995,24.4923076923077,0.0,338.74251497005986,0.0,0.0,0.0
1356,2020-07-12 08:56:30,24.418367346938773,76.13636363636361,190.00000000000003,,,35.41666666666664,0.0,183.55366098294886,0.0,0.00802407221664995,0.0
1357,2020-07-12 08:56:31,23.819148936170212,34.82142857142857,230.7142857142857,171.25000000000006,49.166666666666686,21.6764705882353,80.848,436.754,9.42,0.0,157.495
1358,2020-07-12 08:56:32,48.5,47.25806451612903,186.25000000000003,4.750000000000001,4.750000000000001,38.40909090909093,0.0,547.562,0.0,0.0,0.0
1359,2020-07-12 08:56:33,40.500000000000014,32.23684210526316,75.00000000000003,4.500000000000001,4.725,30.00000000000003,335.934065934066,381.32267732267735,0.0,0.0,100.09990009990011
1360,2020-07-12 08:56:34,42.49999999999999,86.07142857142861,178.75,4.500000000000001,69.99999999999999,31.388888888888896,217.22713864306786,532.2241887905604,0.0,0.0,0.0
1361,2020-07-12 08:56:35,23.77272727272728,24.234693877551027,217.50000000000003,20.50000000000005,81.1111111111111,20.945312500000004,51.94010152284264,452.91979695431473,0.0,0.0,1309.2781725888324
1362,2020-07-12 08:56:36,23.924528301886795,39.875,218.5,,,22.38235294117647,40.345330739299605,392.9824902723735,0.19941634241245138,0.0,0.0
1363,2020-07-12 08:56:37,37.76315789473684,22.804878048780488,212.5,61.66666666666671,33.75000000000003,24.236842105263165,0.0,651.6700924974306,0.0,0.0,1.0986639260020556
1364,2020-07-12 08:56:38,38.36206896551724,29.07894736842103,122.50000000000011,4.500000000000001,57.500000000000036,22.122950819672138,37.59259259259259,418.31531531531533,0.0,42.07007007007007,0.0
1365,2020-07-12 08:56:39,48.84615384615387,24.911764705882355,226.8181818181818,,,48.10606060606061,0.0,235.58776328986963,0.0,0.0,0.0
1366,2020-07-12 08:56:40,32.04545454545456,25.227272727272723,228.99999999999997,41.875,80.83333333333334,36.87499999999999,0.0,517.7682317682319,0.0,0.0,0.0
1367,2020-07-12 08:56:41,42.44791666666667,40.45454545454548,155.00000000000006,4.500000000000001,57.500000000000036,47.43902439024391,120.91691104594331,509.950146627566,9.208211143695017,0.0,156.594330400782
1368,2020-07-12 08:56:42,24.139344262295086,175.0,88.33333333333333,50.00000000000009,4.973684210526317,43.141025641025635,0.0,0.0,0.0,0.0,1.7808489634748272
1369,2020-07-12 08:56:43,23.054054054054056,88.88888888888893,208.00000000000003,4.5,4.500000000000001,27.50000000000006,278.30988786952094,767.316004077472,0.0,0.0,125.83588175331295
1370,2020-07-12 08:56:44,91.69354838709678,24.735294117647065,94.375,,,200.45454545454544,192.27939698492463,0.0,0.0,0.0,0.0
1371,2020-07-12 08:56:45,86.85185185185188,24.058823529411768,229.70588235294122,42.5,40.00000000000001,34.375000000000014,50.986828774062815,490.50759878419456,0.0,0.0,1186.1854103343467
1372,2020-07-12 08:56:46,36.07142857142859,42.236842105263186,91.24999999999999,,,40.833333333333336,18.373015873015873,403.2380952380952,0.20337301587301587,0.0,0.0
1373,2020-07-12 08:56:47,38.260869565217405,46.30000000000001,95.0,4.500000000000001,4.500000000000001,40.00000000000001,0.0,299.7955689828801,0.0,0.0,13.493454179254785
1374,2020-07-12 08:56:48,23.448275862068968,59.41176470588236,91.25,4.500000000000001,7.666666666666669,40.945945945945944,99.153,534.769,0.0,38.038,0.0
1375,2020-07-12 08:56:49,33.23529411764706,21.400000000000002,205.00000000000003,4.500000000000001,73.33333333333336,36.41304347826087,0.0,492.9119119119119,0.0,0.0,0.0
1376,2020-07-12 08:56:50,46.1,39.54545454545455,159.99999999999997,86.66666666666667,4.500000000000001,32.96874999999999,0.0,502.03096903096906,0.0,0.0,0.0
1377,2020-07-12 08:56:51,87.69230769230768,41.34615384615383,235.00000000000003,35.0,4.78125,80.68965517241381,106.80547409579668,416.5259042033236,9.266862170087977,0.0,85.386119257087
1378,2020-07-12 08:56:52,49.37499999999999,73.00000000000001,215.00000000000003,4.500000000000001,86.66666666666667,40.50000000000001,0.0,109.93961105424769,0.0,0.0,67.27840327533265
1379,2020-07-12 08:56:53,94.00000000000001,9.500000000000002,235.00000000000003,4.500000000000001,8.5,134.99999999999994,162.726,0.0,0.0,0.0,62.236
1380,2020-07-12 08:56:54,,,,,,,230.066,0.0,0.0,0.0,0.0
1381,2020-07-12 08:56:55,95.0,,,,,,10.10789210789211,0.0,0.0,0.0,879.4535464535466
1382,2020-07-12 08:56:56,217.90697674418604,203.20000000000005,312.5,,,182.20000000000002,5.028,276.658,0.205,0.0,0.0
1383,2020-07-12 08:56:57,68.8235294117647,86.00000000000007,235.00000000000003,20.166666666666664,20.50000000000001,151.1764705882354,0.0,0.0,0.0,0.0,15.243756243756245
1384,2020-07-12 08:56:58,71.45833333333331,23.875000000000007,167.50000000000003,4.5,36.25000000000001,76.45833333333331,51.1028684470821,413.07912957467863,0.0,27.363006923837787,0.0
1385,2020-07-12 08:56:59,32.031250000000014,34.60526315789473,230.3125,4.500000000000001,87.50000000000001,42.847222222222214,0.0,561.2249240121581,0.0,0.0,0.0
1386,2020-07-12 08:57:00,41.25000000000001,30.39473684210526,212.5,43.333333333333336,8.000000000000007,47.307692307692314,0.0,585.003,0.0,0.0,0.0
1387,2020-07-12 08:57:01,49.37500000000001,81.99999999999999,185.00000000000006,8.5,60.000000000000014,60.00000000000004,94.257,476.575,4.98,0.0,130.086
1388,2020-07-12 08:57:02,80.0,40.96153846153848,227.94117647058823,,,44.84375000000001,0.0,486.193,0.0,0.0,1.122
1389,2020-07-12 08:57:03,36.416666666666664,24.109375000000007,49.72222222222222,24.600000000000005,4.695652173913044,42.75862068965519,164.97297297297297,500.38438438438436,0.0,0.0,55.44444444444444
1390,2020-07-12 08:57:04,22.625000000000004,21.516129032258068,231.25,4.500000000000001,4.500000000000001,20.611111111111114,145.97828232971372,538.9476801579468,0.0,0.0,0.0
1391,2020-07-12 08:57:05,45.35714285714286,125.00000000000009,88.75,52.50000000000013,88.33333333333334,38.30357142857143,51.666331658291455,133.27939698492463,0.0,0.0,968.0472361809045
1392,2020-07-12 08:57:06,69.72222222222224,83.50000000000001,227.5,4.500000000000001,78.33333333333336,69.64285714285715,45.067326732673266,0.0,0.20297029702970298,0.0,0.0
1393,2020-07-12 08:57:07,176.15384615384616,90.41666666666669,425.0,69.99999999999999,90.00000000000001,163.74999999999994,0.0,125.57085020242916,0.0,0.0,27.5
1394,2020-07-12 08:57:08,86.70731707317073,193.75,358.33333333333326,75.00000000000003,59.99999999999997,133.46153846153837,85.44221105527637,144.02211055276382,0.0,32.61507537688442,0.0
1395,2020-07-12 08:57:09,44.2857142857143,115.0000000000001,95.71428571428572,4.500000000000001,4.695652173913044,60.31250000000004,0.0,388.376,0.0,0.0,0.0
1396,2020-07-12 08:57:10,67.9545454545455,45.56818181818181,223.75,44.166666666666664,6.999999999999998,68.99999999999999,0.0,529.3912175648702,0.0,0.0,0.0
1397,2020-07-12 08:57:11,45.41666666666667,207.2641509433962,152.5,7.249999999999993,73.74999999999999,38.181818181818194,84.18236472945891,412.1563126252505,7.935871743486974,0.0,230.74849699398797
1398,2020-07-12 08:57:12,24.755813953488374,24.250000000000004,90.71428571428572,15.249999999999998,4.500000000000001,29.038461538461537,0.0,424.20078740157476,0.0,0.0,12.536417322834646
1399,2020-07-12 08:57:13,29.00000000000003,29.16666666666665,90.00000000000001,21.625,8.300000000000002,24.282608695652186,233.35866261398175,570.8642350557244,0.0,0.0,22.77710233029382
1400,2020-07-12 08:57:14,27.727272727272734,23.640625000000004,182.5,4.875,31.666666666666675,38.199999999999974,107.8048780487805,504.3590243902439,0.0,0.0,0.0
1401,2020-07-12 08:57:15,23.08695652173913,37.15909090909094,99.37500000000001,6.999999999999998,34.99999999999999,38.39999999999999,22.175925925925927,387.97530864197535,0.0,0.0,995.4938271604938
1402,2020-07-12 08:57:16,21.977272727272727,22.375,82.85714285714288,4.500000000000001,32.5,23.438356164383563,158.392,579.365,0.205,0.0,0.0
1403,2020-07-12 08:57:17,23.04166666666667,40.85526315789473,95.00000000000003,,,41.60000000000001,0.0,339.994994994995,0.0,0.0,48.08008008008008
1404,2020-07-12 08:57:18,34.37500000000001,22.928571428571438,175.00000000000009,4.500000000000001,69.99999999999999,22.5,56.108891108891115,458.6413586413587,0.0,42.783216783216794,0.0
1405,2020-07-12 08:57:19,43.437499999999936,53.75000000000001,211.66666666666666,65.00000000000003,4.500000000000001,39.58333333333333,0.0,219.6086086086086,0.0,0.0,0.0
1406,2020-07-12 08:57:20,97.2727272727273,22.40178571428571,205.00000000000003,4.500000000000001,4.909090909090909,63.888888888888914,0.0,458.7972027972029,0.0,0.0,0.0
1407,2020-07-12 08:57:21,63.750000000000014,42.109375,208.75,78.33333333333334,83.00000000000001,65.92592592592597,120.47504990019961,558.7754491017964,9.580838323353293,0.0,300.67265469061874
1408,2020-07-12 08:57:22,60.789473684210535,196.07142857142856,221.36363636363635,78.33333333333334,81.6666666666667,31.911764705882348,0.0,407.997995991984,0.0,0.0,32.35671342685371
1409,2020-07-12 08:57:23,23.75,34.531250000000014,201.25000000000003,4.764705882352941,81.99999999999999,22.90983606557377,265.659,443.491,0.0,0.0,160.105
1410,2020-07-12 08:57:24,21.908163265306126,86.0,87.50000000000009,40.00000000000001,4.500000000000001,22.927272727272726,187.75375375375376,362.03503503503504,0.0,0.0,0.0
1411,2020-07-12 08:57:25,34.71153846153846,24.387755102040817,90.00000000000001,4.500000000000001,5.000000000000019,23.692857142857143,5.507492507492508,533.1798201798202,0.0,0.0,963.1878121878123
1412,2020-07-12 08:57:26,24.710526315789476,23.901785714285722,187.5,5.999999999999989,4.764705882352941,23.1,126.65234765234767,401.6643356643357,0.20479520479520483,0.0,0.0
1413,2020-07-12 08:57:27,33.152173913043484,37.596153846153825,220.0,81.00000000000001,70.00000000000001,22.689999999999994,0.0,488.33833833833836,0.0,0.0,130.66266266266265
1414,2020-07-12 08:57:28,24.41836734693878,26.764705882352967,52.50000000000004,4.821428571428572,4.800000000000001,22.55263157894737,62.809,640.053,0.0,43.624,0.0
1415,2020-07-12 08:57:29,169.10714285714292,81.48648648648648,216.25,6.499999999999999,80.0,23.63636363636364,0.0,414.66333666333674,0.0,0.0,0.0
1416,2020-07-12 08:57:30,97.49999999999983,21.77777777777778,220.0,72.50000000000001,16.75,20.38,0.0,478.2002002002002,0.0,0.008008008008008008,0.0
1417,2020-07-12 08:57:31,170.80000000000007,115.00000000000006,178.00000000000003,4.5,4.5,88.87096774193546,191.11909448818898,475.0935039370079,9.507874015748031,0.0,181.88090551181102
1418,2020-07-12 08:57:32,90.12820512820512,87.5,214.00000000000003,4.500000000000001,42.50000000000001,41.833333333333336,0.0,403.4867886178862,0.0,0.0,36.296747967479675
1419,2020-07-12 08:57:33,72.22222222222227,179.12499999999994,100.00000000000027,7.0000000000000115,60.00000000000005,40.666666666666686,243.6465942744324,0.0,0.0,0.0,172.85587364264563
1420,2020-07-12 08:57:34,24.13157894736842,88.46938775510205,91.36363636363637,4.500000000000001,5.0,62.0,132.41750503018108,497.96478873239437,0.0,0.0,0.0
1421,2020-07-12 08:57:35,24.81460674157304,72.00000000000001,205.00000000000006,4.500000000000001,55.000000000000064,24.90769230769231,12.673652694610778,414.0678642714571,0.0,0.0,1107.8862275449103
1422,2020-07-12 08:57:36,12.437500000000021,141.78571428571433,180.0,4.5,4.5,22.899999999999995,149.87487386478307,586.7204843592331,0.20686175580222,0.0,0.0
1423,2020-07-12 08:57:37,44.112903225806456,54.66666666666669,92.14285714285717,,,47.72727272727273,0.0,488.438,0.0,0.0,38.69
1424,2020-07-12 08:57:38,29.54545454545457,22.877358490566042,231.24999999999997,72.5,4.949999999999999,36.1764705882353,62.41516966067864,409.7035928143713,0.0,42.209580838323355,0.0
1425,2020-07-12 08:57:39,44.523809523809504,91.63043478260869,94.16666666666667,4.500000000000001,55.000000000000014,45.465116279069775,0.0,399.82405566600397,0.0,0.0,0.0
1426,2020-07-12 08:57:40,33.888888888888886,23.766666666666673,145.0,15.0,4.7368421052631575,24.333333333333332,0.0,654.6706948640484,0.0,0.0,0.0
1427,2020-07-12 08:57:41,24.336538461538463,23.04347826086957,88.75,66.66666666666667,5.0,44.7826086956522,148.29527559055117,492.42224409448824,9.448818897637794,0.0,283.94488188976374
1428,2020-07-12 08:57:42,73.12500000000001,30.892857142857164,122.50000000000007,20.0,4.736842105263158,27.083333333333318,0.0,514.7024630541872,0.0,0.0,52.27586206896552
1429,2020-07-12 08:57:43,48.21428571428572,23.366666666666674,186.25000000000003,4.5,4.5,23.66666666666668,243.68976215098243,351.3278179937953,0.0,0.0,132.78800413650467
1430,2020-07-12 08:57:44,21.714285714285715,23.754716981132074,83.00000000000001,8.000000000000009,4.500000000000001,22.499999999999996,162.90447761194034,155.02686567164181,0.0,0.0,0.0
1431,2020-07-12 08:57:45,168.18181818181822,38.98148148148149,88.75,4.500000000000001,4.846153846153847,42.33333333333335,7.696787148594378,369.8363453815261,0.0,0.0,956.5251004016064
1432,2020-07-12 08:57:46,70.0,24.4375,193.0,,,54.642857142857196,104.51730769230768,382.44807692307694,0.1971153846153846,0.0,0.0
1433,2020-07-12 08:57:47,66.38888888888889,67.77777777777781,93.5,56.66666666666667,4.68,48.40909090909091,0.0,490.06633165829146,0.0,0.0,37.20301507537688
1434,2020-07-12 08:57:48,32.976190476190496,111.00000000000004,88.88888888888889,4.875,4.846153846153847,28.076923076923052,102.59316770186336,427.796066252588,0.0,43.78260869565218,0.0
1435,2020-07-12 08:57:49,47.777777777777786,46.451612903225815,62.5,4.7368421052631575,5.2500000000000036,56.176470588235276,0.0,402.471,0.0,0.0,0.0
1436,2020-07-12 08:57:50,37.50000000000006,46.66666666666667,205.00000000000003,75.00000000000003,75.00000000000003,44.545454545454554,0.0,439.2182182182182,0.0,0.0,0.0
1437,2020-07-12 08:57:51,94.64285714285714,136.3157894736843,209.2857142857143,4.500000000000001,82.00000000000001,31.750000000000014,121.990990990991,386.2822822822823,9.60960960960961,0.0,274.04604604604606
1438,2020-07-12 08:57:52,31.562499999999993,48.035714285714285,152.50000000000014,7.4999999999999964,74.99999999999999,23.295454545454543,0.0,438.7936191425723,0.0,0.0,109.86241276171486
1439,2020-07-12 08:57:53,21.31081081081081,95.0,115.0,80.0,8.000000000000004,21.608695652173918,195.62862862862863,514.7947947947948,0.0,0.0,125.63763763763764
1440,2020-07-12 08:57:54,23.211538461538456,22.66,218.75,16.750000000000004,66.66666666666666,24.869565217391315,237.51246261216355,420.94117647058823,0.0,0.0,0.0
1441,2020-07-12 08:57:55,27.083333333333357,42.74193548387098,193.75,,,40.3409090909091,2.7316582914572862,569.1989949748744,0.0,0.0,1094.0522613065327
1442,2020-07-12 08:57:56,22.225,23.5,90.83333333333333,4.75,4.75,22.75,129.4638671875,394.7578125,0.2001953125,0.0,0.0
1443,2020-07-12 08:57:57,109.99999999999983,39.37500000000001,129.99999999999997,9.000000000000002,42.5,34.99999999999998,0.0,6.786079836233368,0.0,0.0,0.0
1444,2020-07-12 08:57:58,24.642857142857142,42.49999999999999,,,,75.00000000000001,38.084,16.575,0.0,40.166,91.224
1445,2020-07-12 08:57:59,9.500000000000002,47.5,,,,94.375,0.0,0.0,0.0,0.0,0.0
1446,2020-07-12 08:58:00,47.5,47.50000000000001,,,,,0.0,32.82178217821782,0.0,0.0,0.0
1447,2020-07-12 08:58:01,215.90909090909088,87.85714285714288,227.5,,,196.52173913043478,87.74519716885743,0.0,6.248736097067746,0.0,82.00505561172902
1448,2020-07-12 08:58:02,76.94444444444441,81.0,490.00000000000006,87.5,90.0,201.47058823529412,0.0,469.55189620758483,0.0,0.0,11.062874251497005
1449,2020-07-12 08:58:03,48.98148148148148,122.50000000000006,93.57142857142858,4.500000000000001,4.736842105263158,61.94444444444442,125.96893787575151,385.53406813627254,0.0,0.0,40.447895791583164
1450,2020-07-12 08:58:04,65.83333333333336,48.92857142857142,225.00000000000003,,,39.0625,156.20279720279723,509.0439560439561,0.0,0.0,0.0
1451,2020-07-12 08:58:05,61.0526315789474,75.6521739130435,46.25000000000001,83.33333333333334,10.0,23.93604651162791,35.56056056056056,395.57057057057057,0.0,0.0,569.2652652652653
1452,2020-07-12 08:58:06,39.107142857142854,27.14285714285715,92.27272727272728,20.0,4.500000000000001,35.13157894736843,53.763,561.891,0.205,0.0,0.0
1453,2020-07-12 08:58:07,35.000000000000014,37.58333333333333,229.37500000000003,90.00000000000001,66.6666666666667,52.99999999999995,0.0,372.9009900990099,0.0,0.0,82.09801980198019
1454,2020-07-12 08:58:08,34.166666666666664,23.650000000000006,175.0,45.833333333333336,4.736842105263158,32.49999999999999,53.60995024875623,576.9761194029851,0.0,23.55621890547264,0.0
1455,2020-07-12 08:58:09,39.411764705882355,22.275000000000002,82.5,,,29.807692307692328,0.0,527.8907987866532,0.0,0.0,0.0
1456,2020-07-12 08:58:10,16.600000000000012,23.200000000000006,92.50000000000001,5.0,33.33333333333335,27.75000000000002,0.0,0.0,0.0,0.0,0.0
1457,2020-07-12 08:58:11,24.944444444444446,23.0,,,,43.37500000000001,115.01601601601601,0.0,8.408408408408407,0.0,312.36036036036035
1458,2020-07-12 08:58:12,221.875,40.00000000000001,95.0,,,44.400000000000006,0.0,75.1923076923077,0.0,0.0,129.12721893491124
1459,2020-07-12 08:58:13,48.12499999999999,22.193548387096776,190.0,65.00000000000001,4.973684210526317,45.44117647058826,201.20668693009117,163.07396149949344,0.0,0.0,9.676798378926039
1460,2020-07-12 08:58:14,86.94444444444446,216.59090909090912,185.00000000000009,17.87500000000001,55.000000000000064,97.12499999999999,110.97108673978067,226.42871385842474,0.0,0.0,0.0
1461,2020-07-12 08:58:15,112.50000000000016,93.75000000000001,94.0,,9.375,49.291044776119406,55.87115956392468,452.6769078295343,0.0,0.0,606.1238850346879
1462,2020-07-12 08:58:16,68.75,37.14285714285715,232.0,34.99999999999999,38.0,46.05555555555557,49.871457489878544,591.1963562753036,0.20748987854251014,0.0,0.0
1463,2020-07-12 08:58:17,44.56250000000001,35.370370370370395,92.5,,,45.40983606557378,0.0,403.300193050193,0.0,0.0,118.48841698841699
1464,2020-07-12 08:58:18,23.433823529411764,25.468749999999996,245.0,62.50000000000003,9.500000000000002,44.071428571428584,105.68373493975903,447.7740963855422,0.0,30.712851405622487,0.0
1465,2020-07-12 08:58:19,32.500000000000036,24.6326530612245,224.2857142857143,4.5,4.6875,61.15384615384616,0.0,665.9163223140496,0.0,0.0,0.0
1466,2020-07-12 08:58:20,87.50000000000003,33.5576923076923,137.50000000000006,22.750000000000004,62.50000000000003,70.68181818181819,0.0,220.8731417244797,0.0,0.0,0.0
1467,2020-07-12 08:58:21,45.833333333333336,24.363636363636367,46.66666666666667,,,45.18518518518518,31.20359281437126,686.9031936127744,7.1257485029940115,0.0,208.85429141716565
1468,2020-07-12 08:58:22,41.25000000000001,47.03703703703706,120.00000000000024,4.6875,4.500000000000001,47.3529411764706,0.0,274.3469591226321,0.0,0.0,71.95613160518445
1469,2020-07-12 08:58:23,38.09999999999999,30.595238095238127,98.33333333333333,4.500000000000001,81.25000000000001,27.166666666666664,236.98782961460446,225.1632860040568,0.0,0.0,70.02332657200812
1470,2020-07-12 08:58:24,26.875000000000036,23.9468085106383,95.0,4.500000000000001,5.833333333333333,45.70652173913044,145.4685314685315,498.99500499500505,0.0,0.0,0.0
1471,2020-07-12 08:58:25,45.64516129032259,25.937499999999993,91.66666666666667,,,48.53448275862069,67.99799599198397,525.3006012024048,0.0,0.0,788.6733466933867
1472,2020-07-12 08:58:26,59.687499999999964,37.166666666666664,145.00000000000003,4.500000000000001,4.821428571428572,41.43939393939393,13.769535113748764,406.6122650840752,0.2027695351137488,0.0,0.0
1473,2020-07-12 08:58:27,67.95454545454548,34.54545454545457,242.49999999999997,80.00000000000001,4.695652173913045,34.473684210526336,0.0,643.0201816347123,0.0,0.0,176.1453077699294
1474,2020-07-12 08:58:28,23.96551724137931,22.27272727272727,208.75000000000003,88.57142857142858,8.000000000000002,23.40217391304348,186.80380380380382,443.5295295295295,0.0,42.33633633633634,0.0
1475,2020-07-12 08:58:29,159.11764705882365,42.60000000000001,231.25,48.99999999999999,69.99999999999999,147.50000000000003,0.0,461.952047952048,0.0,0.0,0.0
1476,2020-07-12 08:58:30,86.84782608695652,47.50000000000001,231.47058823529412,,,90.86538461538461,0.0,578.1941941941942,0.0,0.008008008008008008,0.0
1477,2020-07-12 08:58:31,75.625,40.25000000000001,227.5,76.00000000000001,70.00000000000001,68.40909090909093,56.611,420.964,8.64,0.0,293.061
1478,2020-07-12 08:58:32,31.16666666666665,32.08333333333331,93.33333333333334,42.00000000000001,4.500000000000001,77.2857142857143,0.0,440.05405405405406,0.0,0.0,89.55155155155155
1479,2020-07-12 08:58:33,24.890909090909094,53.1818181818182,73.33333333333334,4.500000000000001,4.90909090909091,32.49999999999997,253.33698903290133,551.5034895314059,0.0,0.0,81.28115653040878
1480,2020-07-12 08:58:34,32.85714285714286,89.80769230769236,81.66666666666669,,,44.99999999999999,242.71728271728273,439.3456543456544,0.0,0.0,0.0
1481,2020-07-12 08:58:35,43.593750000000014,65.47619047619045,227.50000000000003,38.750000000000014,27.50000000000004,68.00000000000003,64.08926780341022,424.80942828485456,0.0,0.0,865.259779338014
1482,2020-07-12 08:58:36,75.00000000000003,38.552631578947384,221.66666666666669,4.714285714285714,86.25,38.48214285714287,37.83832335329341,504.8383233532934,0.20459081836327345,0.0,0.0
1483,2020-07-12 08:58:37,22.946428571428577,25.66666666666668,190.0,,,24.8953488372093,0.0,471.3046092184369,0.0,0.0,104.56312625250501
1484,2020-07-12 08:58:38,82.94117647058826,43.66935483870969,227.50000000000003,44.99999999999999,25.0,25.1470588235294,149.9179841897233,444.9505928853755,0.0,38.63833992094862,0.0
1485,2020-07-12 08:58:39,23.963235294117645,23.148936170212764,232.85714285714283,4.500000000000001,91.66666666666667,47.16666666666669,0.0,429.0433467741936,0.0,0.0,0.0
1486,2020-07-12 08:58:40,36.973684210526315,27.81250000000001,145.00000000000014,4.724999999999999,4.736842105263158,24.513513513513516,0.0,270.0070140280561,0.0,0.0,0.0
1487,2020-07-12 08:58:41,28.421052631578927,48.055555555555586,196.42857142857144,82.0,4.500000000000001,30.90909090909097,68.73187686196624,372.5978152929494,9.71201588877855,0.0,264.1658391261172
1488,2020-07-12 08:58:42,24.466666666666672,48.888888888888886,87.5,66.66666666666667,8.500000000000005,34.204545454545475,0.0,557.7823585810163,0.0,0.0,145.11888782358582
1489,2020-07-12 08:58:43,24.166666666666664,24.970588235294127,145.0,4.500000000000001,4.7368421052631575,39.435483870967744,202.9071729957806,386.9630801687764,0.0,0.0,55.89978902953587
1490,2020-07-12 08:58:44,24.973684210526315,78.33333333333336,199.00000000000003,39.375000000000014,4.75,164.61538461538467,124.80439121756487,348.09481037924155,0.0,0.0,0.0
1491,2020-07-12 08:58:45,24.111111111111114,40.08928571428572,208.75,,,36.42857142857142,66.5827482447342,694.5225677031093,0.0,0.0,1025.565697091274
1492,2020-07-12 08:58:46,91.80000000000005,90.86206896551724,175.00000000000006,80.00000000000001,50.00000000000009,39.43181818181818,85.73247778874631,363.70681145113525,0.20236920039486678,0.0,0.0
1493,2020-07-12 08:58:47,43.66666666666666,75.00000000000001,137.50000000000006,5.0,5.0,46.13636363636363,0.0,302.0076923076923,0.0,0.0,155.525
1494,2020-07-12 08:58:48,24.291666666666664,154.28571428571425,190.0,75.00000000000001,4.736842105263158,28.269230769230763,201.08232931726909,579.687751004016,0.0,42.46385542168675,0.0
1495,2020-07-12 08:58:49,46.66666666666668,87.00000000000003,48.214285714285715,4.736842105263158,4.500000000000001,40.62499999999999,0.0,273.9779411764706,0.0,0.0,0.0
1496,2020-07-12 08:58:50,24.0859375,69.41176470588238,96.66666666666669,,,42.986111111111114,0.0,244.08008008008008,0.0,0.0,0.0
1497,2020-07-12 08:58:51,23.8,39.375000000000014,90.0,5.0,4.5,28.281250000000004,58.1127744510978,570.5888223552895,9.04191616766467,0.0,234.44211576846305
1498,2020-07-12 08:58:52,57.894736842105296,69.23076923076924,70.0,5.0,33.333333333333336,24.777777777777782,0.0,446.58658658658663,0.0,0.0,212.14914914914917
1499,2020-07-12 08:58:53,33.21428571428572,29.999999999999996,55.00000000000003,4.500000000000001,5.0,35.694444444444436,195.11805555555557,417.3125,0.0,0.0,82.45039682539682
1500,2020-07-12 08:58:54,25.625000000000018,22.423076923076927,207.50000000000003,,,66.25000000000001,162.5780463242699,499.0574018126888,0.0,0.0,0.0
1501,2020-07-12 08:58:55,65.68181818181819,46.071428571428584,208.00000000000003,40.00000000000001,50.0,66.20000000000007,79.16032064128257,439.2394789579159,0.0,0.0,634.5641282565131
1502,2020-07-12 08:58:56,21.26744186046512,30.760869565217387,115.00000000000009,10.0,5.0,47.500000000000014,92.9528846153846,632.7288461538461,0.1971153846153846,0.0,0.0
1503,2020-07-12 08:58:57,35.568181818181834,34.66666666666667,167.50000000000003,4.7368421052631575,74.99999999999999,23.92857142857143,0.0,439.8241415192508,0.0,0.0,303.70135275754427
1504,2020-07-12 08:58:58,25.0,45.576923076923094,100.0,23.499999999999968,4.5,36.2878787878788,112.66409266409266,241.761583011583,0.0,40.31081081081081,0.0
1505,2020-07-12 08:58:59,34.86842105263158,24.75925925925926,221.49999999999997,,,35.875000000000014,0.0,431.2305295950156,0.0,0.0,0.0
1506,2020-07-12 08:59:00,32.10526315789475,30.23809523809525,193.74999999999997,86.42857142857144,68.33333333333333,35.1,0.0,555.8391608391609,0.0,0.0,0.0
1507,2020-07-12 08:59:01,23.3875,22.051724137931036,46.5,65.00000000000003,4.725,22.689189189189197,119.41658341658342,240.21378621378625,9.110889110889111,0.0,270.2467532467533
1508,2020-07-12 08:59:02,24.732142857142854,22.405405405405407,180.00000000000006,4.500000000000001,70.00000000000001,43.372093023255815,0.0,375.08608608608614,0.0,0.0,153.83983983983984
1509,2020-07-12 08:59:03,170.00000000000003,175.0,231.25,4.500000000000001,4.500000000000001,39.500000000000014,248.116,166.519,0.0,0.0,38.736
1510,2020-07-12 08:59:04,100.0,235.00000000000003,,,,,109.328,59.67,0.0,0.0,0.0
1511,2020-07-12 08:59:05,9.500000000000002,,,,,47.5,52.253,0.0,0.0,0.0,541.064
1512,2020-07-12 08:59:06,49.427083333333336,81.25000000000001,,,,93.62745098039215,58.628205128205124,0.0,0.20216962524654833,0.0,0.0
1513,2020-07-12 08:59:07,229.10714285714283,198.33333333333337,218.49999999999997,,,230.5,0.0,23.692697768762677,0.0,0.0,183.66430020283974
1514,2020-07-12 08:59:08,154.37499999999997,92.28260869565219,235.00000000000003,63.33333333333335,4.725,52.50000000000004,71.396,492.315,0.0,22.078,0.0
1515,2020-07-12 08:59:09,58.421052631579,57.857142857142826,227.5,84.99999999999999,76.25000000000003,176.87499999999997,0.0,497.025,0.0,0.0,0.0
1516,2020-07-12 08:59:10,77.38095238095244,23.119047619047628,221.49999999999997,79.00000000000001,14.499999999999996,79.5945945945946,0.0,422.560396039604,0.0,0.0,0.0
1517,2020-07-12 08:59:11,23.821428571428573,126.78571428571428,96.92307692307693,20.249999999999996,27.499999999999982,41.891891891891895,45.77777777777778,499.83232323232323,6.121212121212121,0.0,238.64545454545456
1518,2020-07-12 08:59:12,23.985915492957748,70.93750000000006,193.0,,,50.0,0.0,292.8695219123506,0.0,0.0,104.96314741035856
1519,2020-07-12 08:59:13,40.384615384615394,24.63114754098361,217.5,73.75000000000006,4.973684210526317,23.344827586206897,221.74572864321607,591.588944723618,0.0,0.0,26.064321608040203
1520,2020-07-12 08:59:14,47.900000000000006,49.58333333333332,167.5,26.25000000000001,81.0,43.0,89.3385518590998,502.52054794520546,0.0,0.0,0.0
1521,2020-07-12 08:59:15,23.772727272727273,24.250000000000004,68.33333333333334,4.7250000000000005,4.7250000000000005,24.745762711864405,63.630879345603276,306.44785276073617,0.0,0.0,575.8067484662577
1522,2020-07-12 08:59:16,,,,,,,7.01898101898102,0.0,0.20479520479520483,0.0,0.0
1523,2020-07-12 08:59:17,182.50000000000003,83.33333333333334,,,,73.05555555555557,0.0,97.3091976516634,0.0,0.0,0.0
1524,2020-07-12 08:59:18,195.1724137931035,94.4,472.05882352941177,86.42857142857144,4.500000000000001,233.30985915492957,168.93527803099363,245.69917958067455,0.0,34.18960802187785,252.1084776663628
1525,2020-07-12 08:59:19,207.43243243243248,98.21428571428571,235.00000000000003,,,201.36363636363635,0.0,0.0,0.0,0.0,0.0
1526,2020-07-12 08:59:20,63.12500000000004,56.25000000000005,233.92857142857142,22.13636363636364,40.83333333333336,88.33333333333331,0.0,407.32663316582915,0.0,0.0,0.0
1527,2020-07-12 08:59:21,44.65909090909092,21.052631578947373,92.6923076923077,21.625000000000007,4.500000000000001,48.30882352941177,25.55133079847909,442.5351711026616,6.844106463878326,0.0,232.97718631178705
1528,2020-07-12 08:59:22,44.833333333333336,42.187500000000014,175.0,,,69.7058823529412,0.0,542.9100310237849,0.0,0.0,104.54498448810756
1529,2020-07-12 08:59:23,45.00000000000001,24.304878048780495,90.00000000000001,4.725,4.725,44.5,198.8085539714868,216.64663951120164,0.0,0.0,12.117107942973524
1530,2020-07-12 08:59:24,92.79411764705885,21.846938775510214,150.00000000000009,4.500000000000001,4.500000000000001,46.25000000000005,61.00595238095238,854.859126984127,0.0,0.0,0.0
1531,2020-07-12 08:59:25,40.67307692307695,21.918181818181814,85.00000000000001,9.750000000000002,4.500000000000001,22.661764705882355,69.18062563067609,307.9727547931382,0.0,0.0,610.3440968718465
1532,2020-07-12 08:59:26,36.5,173.84615384615387,91.25000000000001,52.50000000000002,6.833333333333333,23.53488372093024,106.09090909090911,340.28071928071927,0.20479520479520483,0.0,0.0
1533,2020-07-12 08:59:27,38.819444444444464,69.65517241379312,90.62500000000001,,,39.891304347826086,0.0,294.85885885885887,0.0,0.0,167.19419419419418
1534,2020-07-12 08:59:28,23.040816326530617,58.12500000000003,75.00000000000001,9.750000000000005,4.725,33.750000000000014,123.1,476.823,0.0,37.772,0.0
1535,2020-07-12 08:59:29,39.99999999999999,23.289062500000007,144.99999999999997,4.500000000000001,27.500000000000075,29.999999999999996,0.0,577.059820538385,0.0,0.0,0.0
1536,2020-07-12 08:59:30,27.142857142857174,25.0,88.57142857142858,4.500000000000001,4.500000000000001,37.96874999999999,0.0,295.543,0.0,0.008,0.0
1537,2020-07-12 08:59:31,36.32352941176475,63.40000000000001,209.2857142857143,8.000000000000007,4.500000000000001,24.330097087378643,62.17753259779338,638.7973921765296,9.267803410230693,0.0,265.9047141424273
1538,2020-07-12 08:59:32,22.93181818181818,83.33333333333334,212.49999999999997,68.33333333333336,76.25000000000001,57.77777777777786,0.0,353.4324055666004,0.0,0.0,292.0834990059642
1539,2020-07-12 08:59:33,23.191176470588243,18.921052631578945,83.33333333333333,4.875,67.50000000000003,36.923076923076906,89.94265593561369,532.6539235412475,0.0,0.0,0.0
1540,2020-07-12 08:59:34,23.831578947368424,30.781250000000046,212.50000000000003,4.704545454545454,77.0,23.763736263736266,310.1205882352941,580.0450980392156,0.0,0.0,0.0
1541,2020-07-12 08:59:35,21.648936170212767,48.42857142857143,80.00000000000001,28.749999999999986,4.500000000000001,22.195652173913047,107.76649746192894,167.35939086294417,0.0,0.0,762.7989847715736
1542,2020-07-12 08:59:36,21.383928571428573,32.23684210526316,145.0000000000001,,,24.9,86.64864864864866,532.901901901902,0.20520520520520522,0.0,0.0
1543,2020-07-12 08:59:37,76.73076923076924,85.35714285714288,197.5,4.750000000000001,11.500000000000023,24.451219512195124,0.0,319.896,0.0,0.0,133.515
1544,2020-07-12 08:59:38,39.86842105263158,89.09090909090908,182.50000000000006,83.00000000000001,71.66666666666669,24.51694915254238,121.92445328031809,409.66898608349896,0.0,42.57057654075547,0.0
1545,2020-07-12 08:59:39,33.000000000000014,45.416666666666664,312.5,76.66666666666669,76.66666666666669,24.115384615384617,0.0,661.7737373737374,0.0,0.0,0.0
1546,2020-07-12 08:59:40,41.458333333333336,32.95454545454546,54.999999999999986,8.499999999999996,4.928571428571428,22.76027397260274,0.0,480.06,0.0,0.0,0.0
1547,2020-07-12 08:59:41,58.52941176470587,88.33333333333334,97.0,64.99999999999997,4.5,46.875000000000014,80.2005988023952,430.2834331337325,9.880239520958085,0.0,413.00099800399204
1548,2020-07-12 08:59:42,39.66666666666669,29.285714285714324,97.50000000000001,39.99999999999999,4.500000000000001,34.999999999999986,0.0,366.8455366098295,0.0,0.0,225.65396188565697
1549,2020-07-12 08:59:43,87.50000000000003,52.187500000000064,182.5,4.875000000000001,4.846153846153847,29.423076923076934,101.03396603396605,489.50149850149853,0.0,0.0,0.0
1550,2020-07-12 08:59:44,24.16666666666667,21.500000000000004,197.5,4.78125,29.999999999999993,24.963414634146336,237.59143968871595,245.1147859922179,0.0,0.0,0.0
1551,2020-07-12 08:59:45,34.666666666666686,40.23809523809524,185.00000000000006,83.33333333333333,55.000000000000036,23.66216216216217,137.19650205761317,484.7849794238684,0.0,0.0,828.9722222222223
1552,2020-07-12 08:59:46,29.264705882352935,28.47222222222224,212.50000000000003,4.500000000000001,55.000000000000014,23.586538461538463,89.29970902036858,413.67410281280314,0.1988360814742968,0.0,0.0
1553,2020-07-12 08:59:47,23.66666666666666,147.3684210526316,180.0,4.704545454545454,4.500000000000001,24.32191780821918,0.0,521.937048503612,0.0,0.0,114.86584107327141
1554,2020-07-12 08:59:48,70.88235294117645,79.61538461538461,98.75,81.25,4.95,40.27777777777778,113.223,476.81,0.0,42.826,0.0
1555,2020-07-12 08:59:49,33.52941176470589,207.27272727272728,47.361111111111114,4.500000000000001,4.6875,23.56716417910448,0.0,393.468105065666,0.0,0.0,0.0
1556,2020-07-12 08:59:50,24.63888888888889,41.52173913043479,182.49999999999994,4.5,80.00000000000001,44.60526315789474,0.0,229.92706131078225,0.0,0.0,0.0
1557,2020-07-12 08:59:51,65.22727272727273,45.00000000000003,186.25000000000003,65.0,60.00000000000001,45.56451612903226,53.956563706563706,345.6911196911197,9.092664092664092,0.0,384.9256756756757
1558,2020-07-12 08:59:52,32.380952380952415,36.85185185185187,92.77777777777779,4.500000000000001,4.736842105263159,36.93548387096774,0.0,453.981288981289,0.0,0.0,462.0405405405405
1559,2020-07-12 08:59:53,35.384615384615394,21.400000000000002,95.0,4.821428571428572,4.78125,22.0375,206.69669669669668,276.59459459459464,0.0,0.0,0.0
1560,2020-07-12 08:59:54,48.87931034482761,56.11111111111112,211.00000000000003,73.33333333333336,4.909090909090909,36.66666666666668,205.50334928229665,497.70334928229664,0.0,0.0,0.0
1561,2020-07-12 08:59:55,33.333333333333336,40.83333333333335,167.5,43.125,55.00000000000001,96.11111111111114,150.54385964912282,393.2714138286894,0.0,0.0,564.2208462332302
1562,2020-07-12 08:59:56,48.28125000000002,35.568181818181834,207.50000000000003,,,47.794117647058826,33.42323232323233,391.38888888888886,0.20707070707070707,0.0,0.0
1563,2020-07-12 08:59:57,24.825581395348838,180.0,137.50000000000006,41.24999999999999,71.66666666666667,36.842105263157876,0.0,484.94123606889565,0.0,0.0,106.95845997973657
1564,2020-07-12 08:59:58,23.331460674157313,53.82352941176472,224.2857142857143,77.0,71.25,45.00000000000003,108.58225324027917,446.7318045862413,0.0,39.25024925224327,0.0
1565,2020-07-12 08:59:59,24.55737704918033,28.289473684210527,130.00000000000003,9.125000000000002,54.999999999999986,34.50000000000003,0.0,403.149,0.0,0.0,0.0
1566,2020-07-12 09:00:00,28.541666666666686,23.211538461538463,46.96428571428572,4.500000000000001,4.949999999999999,35.10869565217393,0.0,559.4391217564871,0.0,0.0,0.0
1567,2020-07-12 09:00:01,23.4375,24.926829268292682,160.0,72.50000000000004,65.0,33.750000000000036,44.904522613065325,167.43517587939698,9.34673366834171,0.0,301.8894472361809
1568,2020-07-12 09:00:02,29.642857142857142,94.23076923076924,194.99999999999997,90.00000000000001,4.5,39.86842105263156,0.0,529.1714568880079,0.0,0.0,235.01783944499508
1569,2020-07-12 09:00:03,48.70000000000001,46.57894736842107,45.50000000000001,4.704545454545454,4.500000000000001,24.888888888888886,127.8243375858685,389.6771344455349,0.0,0.0,0.0
1570,2020-07-12 09:00:04,40.79545454545454,39.29687500000001,223.0,71.66666666666666,71.66666666666666,92.50000000000011,204.07921810699588,106.58436213991769,0.0,0.0,0.0
1571,2020-07-12 09:00:05,48.86363636363635,55.90909090909092,207.50000000000003,4.764705882352941,38.75000000000001,41.551724137931046,187.70729366602689,516.4712092130518,0.0,0.0,838.78886756238
1572,2020-07-12 09:00:06,100.0,70.47619047619048,216.25,60.000000000000014,80.00000000000001,37.08333333333332,96.87512195121953,296.2536585365854,0.20000000000000004,0.0,0.0
1573,2020-07-12 09:00:07,42.115384615384635,67.63157894736845,202.85714285714283,4.714285714285715,81.66666666666667,46.41891891891895,0.0,430.5058949624866,0.0,0.0,112.52304394426581
1574,2020-07-12 09:00:08,85.3703703703704,95.34482758620689,100.0,4.500000000000001,84.99999999999999,33.92857142857143,73.491,381.015,0.0,42.028,0.0
1575,2020-07-12 09:00:09,24.384615384615387,47.66666666666667,80.00000000000001,,,48.65384615384616,0.0,238.6046046046046,0.0,0.0,0.0
1576,2020-07-12 09:00:10,46.25000000000001,,220.0,90.00000000000001,4.500000000000001,41.24999999999999,0.0,0.0,0.0,0.0,0.0
1577,2020-07-12 09:00:11,222.99999999999997,85.00000000000001,,,,202.50000000000003,32.328,3.315,7.56,0.0,269.898
1578,2020-07-12 09:00:12,225.0,9.500000000000002,,,,99.5,0.0,3.315,0.0,0.0,146.041
1579,2020-07-12 09:00:13,89.16666666666667,4.500000000000001,95.0,4.500000000000001,4.500000000000001,196.6666666666667,87.78778778778779,0.0,0.0,0.0,0.0
1580,2020-07-12 09:00:14,235.00000000000003,,,,,23.384615384615387,119.27927927927928,0.0,0.0,0.0,0.0
1581,2020-07-12 09:00:15,93.70689655172416,93.84615384615385,228.99999999999997,80.0,4.500000000000001,94.6,84.33666333666335,122.3756243756244,0.0,0.0,393.31868131868134
1582,2020-07-12 09:00:16,37.954545454545496,45.25,180.0,80.83333333333336,4.92857142857143,48.62244897959184,43.277445109780444,0.0,0.20459081836327345,0.0,0.0
1583,2020-07-12 09:00:17,78.84615384615381,24.304878048780488,220.00000000000003,,,85.35714285714285,0.0,456.62191510365255,0.0,0.0,82.14116485686083
1584,2020-07-12 09:00:18,55.38461538461534,37.84090909090909,197.50000000000006,23.50000000000003,4.500000000000001,45.2777777777778,40.04471544715447,515.930894308943,0.0,17.571138211382113,0.0
1585,2020-07-12 09:00:19,84.61538461538461,36.590909090909086,224.61538461538464,4.500000000000001,72.50000000000004,48.449999999999996,0.0,317.9556377079482,0.0,0.0,0.0
1586,2020-07-12 09:00:20,75.00000000000007,79.10714285714288,208.75,44.77272727272727,4.500000000000001,123.82352941176481,0.0,576.0488599348533,0.0,0.0,0.0
1587,2020-07-12 09:00:21,48.026315789473685,27.115384615384617,91.66666666666667,83.0,4.500000000000001,101.25,72.61328125,322.13671875,4.6875,0.0,171.41796875
1588,2020-07-12 09:00:22,47.98611111111112,46.515151515151516,193.74999999999997,,,54.54545454545455,0.0,300.6364551863041,0.0,0.0,105.52467270896274
1589,2020-07-12 09:00:23,75.53571428571433,59.68750000000001,207.14285714285714,8.500000000000025,77.00000000000004,46.5,136.2913306451613,125.39314516129032,0.0,0.0,2.4858870967741935
1590,2020-07-12 09:00:24,39.375,76.6666666666667,205.00000000000003,71.66666666666669,57.49999999999998,37.00000000000001,141.50596421471175,602.7773359840954,0.0,0.0,0.0
1591,2020-07-12 09:00:25,32.85714285714286,23.4375,93.0,4.928571428571429,4.500000000000001,49.51923076923077,85.14723320158103,310.6343873517786,0.0,0.0,717.0681818181818
1592,2020-07-12 09:00:26,60.00000000000003,39.54545454545455,80.0,,,43.75000000000001,76.81130171543896,140.0201816347124,0.20686175580222,0.0,0.0
1593,2020-07-12 09:00:27,46.19565217391305,46.78571428571428,,,,82.3076923076923,0.0,0.0,0.0,0.0,106.60020242914979
1594,2020-07-12 09:00:28,45.19736842105264,90.00000000000001,235.00000000000003,,,77.08333333333334,47.41,86.19,0.0,32.452,0.0
1595,2020-07-12 09:00:29,75.62500000000001,211.75000000000003,230.90909090909093,46.458333333333336,9.227272727272727,65.6666666666667,0.0,217.21270161290323,0.0,0.0,0.0
1596,2020-07-12 09:00:30,46.206896551724135,207.2727272727273,92.00000000000001,,,75.00000000000003,0.0,210.73555337904017,0.0,0.007835455435847209,0.0
1597,2020-07-12 09:00:31,90.83333333333326,29.038461538461533,220.0,4.500000000000001,4.500000000000001,42.84313725490195,106.72533062054934,526.5717192268565,7.3245167853509665,0.0,249.00406917599187
1598,2020-07-12 09:00:32,34.37499999999999,18.282608695652172,219.99999999999997,39.375,8.249999999999996,46.818181818181834,0.0,297.9879518072289,0.0,0.0,132.93574297188755
1599,2020-07-12 09:00:33,43.01470588235294,31.470588235294127,229.70588235294122,,,70.0,110.96906187624751,417.6487025948104,0.0,0.0,8.195608782435128
1600,2020-07-12 09:00:34,33.369565217391326,57.352941176470594,114.99999999999994,61.666666666666664,18.499999999999996,80.83333333333334,133.973,494.506,0.0,0.0,0.0
1601,2020-07-12 09:00:35,34.83333333333334,61.87500000000004,220.0,7.166666666666667,71.66666666666667,66.15384615384617,41.05870646766169,517.668656716418,0.0,0.0,607.807960199005
1602,2020-07-12 09:00:36,47.8846153846154,73.50000000000004,98.84615384615387,4.704545454545455,4.500000000000001,53.75000000000004,0.0,179.65929648241206,0.20603015075376885,0.0,0.0
1603,2020-07-12 09:00:37,53.3333333333334,171.4285714285714,88.75,4.500000000000001,4.78125,42.01388888888891,95.84415584415586,222.23376623376626,0.0,0.0,58.28271728271729
1604,2020-07-12 09:00:38,41.19318181818181,30.56818181818182,89.28571428571429,,,46.61290322580646,52.3489242282507,381.78016838166513,0.0,31.103835360149674,0.0
1605,2020-07-12 09:00:39,29.374999999999993,71.66666666666671,90.00000000000001,4.704545454545455,4.500000000000001,33.39285714285714,0.0,438.2049622437972,0.0,0.0,0.0
1606,2020-07-12 09:00:40,32.39130434782611,96.55172413793103,80.00000000000001,4.500000000000001,4.500000000000001,30.555555555555557,0.0,501.698,0.0,0.0,0.0
1607,2020-07-12 09:00:41,45.245098039215684,87.75510204081634,135.00000000000006,4.92857142857143,61.666666666666686,23.897959183673468,143.76093023255814,360.90325581395354,7.646511627906977,0.0,292.5516279069767
1608,2020-07-12 09:00:42,104.09090909090911,45.937500000000014,90.71428571428572,4.78125,4.500000000000001,40.88235294117646,0.0,353.9244897959184,0.0,0.0,262.7
1609,2020-07-12 09:00:43,47.41666666666668,38.95833333333333,50.0,,,75.76923076923077,167.47015706806283,459.30471204188484,0.0,0.0,25.779057591623037
1610,2020-07-12 09:00:44,24.25,185.26315789473682,205.00000000000003,37.50000000000003,4.500000000000001,42.499999999999986,174.8877755511022,394.80360721442884,0.0,0.0,0.0
1611,2020-07-12 09:00:45,47.90322580645163,166.1111111111111,169.99999999999994,45.00000000000001,73.33333333333331,47.058823529411754,107.14773869346735,368.82914572864325,0.0,0.0,724.4673366834171
1612,2020-07-12 09:00:46,40.95238095238096,160.65217391304347,206.87499999999997,9.333333333333332,4.500000000000001,67.3913043478261,51.277,374.046,0.205,0.0,0.0
1613,2020-07-12 09:00:47,41.69642857142857,93.47826086956523,95.00000000000003,74.00000000000003,4.68,24.448979591836743,0.0,443.8418418418418,0.0,0.0,132.2012012012012
1614,2020-07-12 09:00:48,46.499999999999964,86.50000000000001,115.0,,,30.00000000000003,171.71271271271272,448.86086086086084,0.0,42.07007007007007,0.0
1615,2020-07-12 09:00:49,75.83333333333334,167.20000000000002,178.75000000000009,82.49999999999999,7.999999999999998,89.99999999999997,0.0,402.223,0.0,0.0,0.0
1616,2020-07-12 09:00:50,77.63157894736842,157.95454545454552,87.00000000000003,56.66666666666671,5.6666666666666705,77.25806451612904,0.0,295.8964525407479,0.0,0.0,0.0
1617,2020-07-12 09:00:51,43.15217391304349,75.55555555555557,145.00000000000006,,,37.67857142857143,115.01461377870564,222.18371607515658,9.645093945720252,0.0,375.8423799582464
1618,2020-07-12 09:00:52,74.07407407407409,144.3181818181817,235.00000000000003,4.500000000000001,38.333333333333336,59.99999999999999,0.0,455.1768774703557,0.0,0.0,181.5810276679842
1619,2020-07-12 09:00:53,22.990000000000002,226.71052631578948,218.5,85.00000000000001,22.81818181818182,48.3653846153846,135.82525252525252,479.63737373737376,0.0,0.0,63.06666666666666
1620,2020-07-12 09:00:54,37.00000000000001,98.28125,93.33333333333333,4.846153846153848,4.500000000000001,44.67391304347826,108.48597194388778,393.96593186372746,0.0,0.0,0.0
1621,2020-07-12 09:00:55,80.85365853658539,94.2105263157895,223.2142857142857,42.50000000000002,56.66666666666671,46.56250000000001,72.465,322.742,0.0,0.0,753.027
1622,2020-07-12 09:00:56,23.256249999999998,189.11764705882356,220.0,,,38.06818181818182,155.2012012012012,375.38538538538535,0.20520520520520522,0.0,0.0
1623,2020-07-12 09:00:57,43.52941176470588,96.07142857142857,220.0,90.00000000000001,8.6,73.46153846153847,0.0,338.7685098406748,0.0,0.0,112.15651358950329
1624,2020-07-12 09:00:58,24.0921052631579,92.3404255319149,98.12500000000003,4.500000000000001,9.250000000000002,73.9583333333333,114.74490889603429,363.4426580921758,0.0,40.48445873526259,0.0
1625,2020-07-12 09:00:59,210.57142857142858,176.87500000000006,235.0,,,205.88235294117646,0.0,386.8120672601385,0.0,0.0,0.0
1626,2020-07-12 09:01:00,143.23529411764702,186.6129032258065,230.0,4.500000000000001,21.999999999999993,52.0,0.0,384.4732052578362,0.0,0.0,0.0
1627,2020-07-12 09:01:01,79.99999999999999,154.2307692307694,93.75,42.499999999999986,7.999999999999998,57.7272727272727,141.66110019646365,338.95972495088404,7.956777996070727,0.0,175.33398821218074
1628,2020-07-12 09:01:02,46.41666666666668,178.3333333333334,94.16666666666669,8.666666666666668,17.5,55.4166666666667,0.0,345.7110885045778,0.0,0.0,181.09664292980673
1629,2020-07-12 09:01:03,61.19047619047623,206.046511627907,98.75000000000003,4.973684210526317,66.66666666666667,42.61111111111113,145.51,135.184,0.0,0.0,72.906
1630,2020-07-12 09:01:04,36.11111111111111,179.50000000000003,159.99999999999997,36.25000000000002,9.400000000000004,59.99999999999998,116.49050949050951,416.88011988011993,0.0,0.0,0.0
1631,2020-07-12 09:01:05,41.55172413793101,93.24561403508774,152.5,40.0,42.49999999999999,46.51315789473685,118.26352705410821,370.20941883767534,0.0,0.0,836.3276553106213
1632,2020-07-12 09:01:06,37.08333333333333,100.0000000000002,193.0,68.75000000000003,8.700000000000001,47.29166666666669,136.51698113207544,574.5330188679245,0.19339622641509432,0.0,0.0
1633,2020-07-12 09:01:07,59.99999999999987,183.8636363636364,200.0,,,45.833333333333336,0.0,166.45744680851064,0.0,0.0,0.0
1634,2020-07-12 09:01:08,62.692307692307686,222.14285714285714,47.5,22.0,22.0,66.81818181818183,121.446,346.924,0.0,38.836,42.491
1635,2020-07-12 09:01:09,44.107142857142854,149.50000000000009,217.5,89.16666666666667,22.599999999999998,39.68750000000001,0.0,555.6633466135457,0.0,0.0,0.0
1636,2020-07-12 09:01:10,27.083333333333364,86.07142857142857,97.0,4.500000000000001,4.846153846153847,25.892857142857146,0.0,294.1606425702811,0.0,0.0,0.0
1637,2020-07-12 09:01:11,47.02380952380953,88.58695652173917,145.0,,,24.5,108.6971201588878,314.8997020854022,9.414101290963258,0.0,358.75868917576963
1638,2020-07-12 09:01:12,46.08490566037737,134.41176470588246,96.66666666666669,7.0000000000000036,8.500000000000002,48.06451612903225,0.0,410.86606243705944,0.0,0.0,157.74018126888217
1639,2020-07-12 09:01:13,24.704545454545453,184.80769230769235,90.00000000000001,64.99999999999999,4.846153846153847,23.736842105263168,81.71968190854871,389.382703777336,0.0,0.0,86.24055666003976
1640,2020-07-12 09:01:14,203.90243902439025,205.90909090909088,223.75,85.55555555555556,19.0,33.40909090909089,77.07578740157481,379.7293307086614,0.0,0.0,0.0
1641,2020-07-12 09:01:15,37.41935483870969,93.88888888888889,226.8181818181818,54.99999999999998,65.00000000000001,30.33333333333335,174.6656626506024,360.0732931726908,0.0,0.0,748.1666666666666
1642,2020-07-12 09:01:16,38.055555555555564,99.67741935483873,214.00000000000003,91.25,77.50000000000001,37.71739130434783,115.08248472505092,400.58146639511205,0.20875763747454176,0.0,0.0
1643,2020-07-12 09:01:17,75.19230769230771,93.00000000000001,165.00000000000003,14.50000000000001,7.0000000000000115,42.17741935483872,0.0,460.956,0.0,0.0,0.0
1644,2020-07-12 09:01:18,40.1388888888889,148.5714285714286,229.54545454545453,95.0,75.00000000000001,23.050000000000008,128.30838323353294,209.24650698602792,0.0,42.4750499001996,123.39121756487026
1645,2020-07-12 09:01:19,24.630769230769232,186.875,86.00000000000001,79.16666666666669,7.000000000000007,23.531914893617028,0.0,403.10821643286573,0.0,0.0,0.0
1646,2020-07-12 09:01:20,73.18181818181813,263.46153846153834,98.00000000000001,83.75000000000001,7.666666666666666,97.60869565217395,0.0,299.8373253493014,0.0,0.0,0.0
1647,2020-07-12 09:01:21,24.0,172.00000000000003,232.2727272727273,33.750000000000014,56.66666666666671,52.500000000000014,80.853,326.228,9.0,0.0,483.017
1648,2020-07-12 09:01:22,22.60810810810811,87.96875,185.0,,,74.50000000000001,0.0,357.52104208416836,0.0,0.0,98.8496993987976
1649,2020-07-12 09:01:23,41.979166666666664,202.50000000000003,220.00000000000003,4.500000000000001,90.00000000000001,76.87500000000003,246.255,146.29,0.0,0.0,76.199
1650,2020-07-12 09:01:24,98.58333333333333,83.75000000000001,235.00000000000003,30.000000000000007,91.11111111111111,90.85106382978725,161.821,119.34,0.0,0.0,0.0
1651,2020-07-12 09:01:25,89.33333333333333,228.33333333333334,235.00000000000003,,,169.0,33.115234375,179.1982421875,0.0,0.0,667.734375
1652,2020-07-12 09:01:26,204.23076923076925,195.0,449.99999999999994,87.5,75.00000000000001,213.10000000000002,91.8985655737705,0.0,0.21004098360655737,0.0,0.0
1653,2020-07-12 09:01:27,49.25000000000001,93.72881355932202,229.375,91.5625,77.50000000000001,41.95454545454547,0.0,322.426,0.0,0.0,0.0
1654,2020-07-12 09:01:28,24.13157894736842,91.32075471698113,204.99999999999997,67.50000000000003,83.75000000000001,24.92857142857143,98.645,496.635,0.0,32.718,91.31
1655,2020-07-12 09:01:29,48.87931034482761,89.61538461538463,210.00000000000003,38.75000000000001,35.83333333333334,29.87500000000001,0.0,414.194,0.0,0.0,0.0
1656,2020-07-12 09:01:30,47.95454545454548,92.33333333333334,144.99999999999997,,,24.6,0.0,442.59,0.0,0.008,0.0
1657,2020-07-12 09:01:31,71.00000000000004,199.78260869565224,415.0,94.16666666666666,287.5000000000001,28.571428571428594,61.08645533141211,340.5206532180596,6.9164265129683,0.0,200.00096061479346
1658,2020-07-12 09:01:32,55.76923076923075,93.70370370370372,226.00000000000003,48.0,69.99999999999999,47.96296296296295,0.0,387.73673469387757,0.0,0.0,130.50102040816327
1659,2020-07-12 09:01:33,22.545454545454547,164.73684210526318,217.5,27.500000000000046,9.833333333333332,24.911764705882355,275.68743615934625,427.0367722165475,0.0,0.0,102.23697650663944
1660,2020-07-12 09:01:34,23.961538461538463,99.51923076923077,220.00000000000003,89.37500000000001,71.66666666666669,47.07317073170733,115.322,343.532,0.0,0.0,0.0
1661,2020-07-12 09:01:35,26.75000000000001,152.99999999999997,232.63157894736844,4.704545454545454,23.05,65.0,23.483,299.459,0.0,0.0,841.157
1662,2020-07-12 09:01:36,30.87500000000002,98.60465116279072,186.25000000000003,69.99999999999999,7.749999999999999,30.681818181818183,25.53646353646354,434.81818181818187,0.20479520479520483,0.0,0.0
1663,2020-07-12 09:01:37,69.54545454545452,208.46153846153854,96.11111111111111,,,45.71428571428572,0.0,365.65665665665665,0.0,0.0,0.0
1664,2020-07-12 09:01:38,39.84848484848486,186.6666666666667,212.5,16.000000000000007,8.166666666666668,47.674418604651166,224.165,410.589,0.0,36.708,56.605
1665,2020-07-12 09:01:39,34.77272727272729,94.58333333333336,233.84615384615384,87.14285714285714,54.999999999999986,23.369565217391305,0.0,366.566,0.0,0.0,0.0
1666,2020-07-12 09:01:40,29.444444444444464,187.1875000000001,220.0,81.66666666666667,45.00000000000002,88.33333333333351,0.0,330.57128614157534,0.0,0.0,0.0
1667,2020-07-12 09:01:41,99.73684210526318,187.77777777777783,88.33333333333334,90.00000000000001,5.0,24.189189189189193,22.38877755511022,419.8496993987976,9.619238476953907,0.0,235.08316633266534
1668,2020-07-12 09:01:42,40.403225806451616,94.88636363636365,223.33333333333334,75.00000000000001,60.00000000000004,60.00000000000001,0.0,404.86786786786786,0.0,0.0,69.68168168168168
1669,2020-07-12 09:01:43,27.64705882352943,225.67567567567568,341.6666666666668,80.00000000000001,341.6666666666668,43.55769230769233,222.918,362.238,0.0,0.0,71.236
1670,2020-07-12 09:01:44,37.50000000000001,145.00000000000009,98.33333333333334,54.99999999999999,80.0,24.625,173.0327056491576,418.7760158572845,0.0,0.0,0.0
1671,2020-07-12 09:01:45,24.190476190476193,125.0,202.0,60.00000000000002,4.800000000000001,20.28571428571429,74.94561933534743,299.63141993957703,0.0,0.0,900.7250755287009
1672,2020-07-12 09:01:46,24.549999999999997,203.57142857142858,216.25,83.33333333333334,66.6666666666667,23.02,30.819639278557116,389.73547094188376,0.20541082164328656,0.0,0.0
1673,2020-07-12 09:01:47,34.444444444444436,165.99999999999997,90.0,20.499999999999996,16.0,69.72222222222227,0.0,400.542828685259,0.0,0.0,157.38147410358565
1674,2020-07-12 09:01:48,24.184782608695652,189.6052631578947,220.00000000000003,78.75,27.499999999999993,35.69444444444442,151.2036108324975,432.036108324975,0.0,42.688064192577734,7.663991975927783
1675,2020-07-12 09:01:49,26.666666666666643,208.75000000000003,300.00000000000006,88.75000000000001,182.5,24.791666666666668,0.0,259.21595330739297,0.0,0.0,0.0
1676,2020-07-12 09:01:50,49.921875000000014,225.17241379310343,197.5,19.375000000000007,79.16666666666669,33.18965517241379,0.0,165.9589743589744,0.0,0.0,0.0
1677,2020-07-12 09:01:51,42.08333333333334,120.00000000000011,190.00000000000003,62.50000000000003,85.00000000000001,32.343750000000036,6.399038461538461,505.5961538461538,8.365384615384615,0.0,305.62692307692305
1678,2020-07-12 09:01:52,83.20000000000002,97.92682926829268,233.125,,,45.512820512820525,0.0,216.07724425887267,0.0,0.0,78.91127348643008
1679,2020-07-12 09:01:53,38.690476190476204,174.48275862068974,98.33333333333333,12.999999999999984,6.75,30.795454545454543,325.7885771543086,366.3627254509018,0.0,0.0,150.23947895791582
1680,2020-07-12 09:01:54,29.750000000000018,126.24999999999997,217.0,4.846153846153847,76.66666666666666,29.58333333333334,179.293,171.36,0.0,0.0,0.0
1681,2020-07-12 09:01:55,42.91666666666667,153.33333333333331,93.0,4.500000000000001,4.500000000000001,44.780701754385966,96.2801595214357,358.888334995015,0.0,0.0,852.2352941176471
1682,2020-07-12 09:01:56,37.619047619047635,94.8809523809524,210.00000000000003,52.5,23.5,51.111111111111114,58.23389494549059,347.29732408325077,0.20317145688800795,0.0,0.0
1683,2020-07-12 09:01:57,43.39285714285715,96.00000000000001,185.0,60.00000000000002,97.50000000000001,60.000000000000036,0.0,341.9038461538462,0.0,0.0,0.0
1684,2020-07-12 09:01:58,40.25862068965516,84.41176470588235,163.75,4.95,4.95,37.343750000000014,132.09424603174602,361.0833333333333,0.0,39.31944444444444,78.34226190476191
1685,2020-07-12 09:01:59,77.66666666666666,199.7058823529412,175.00000000000009,5.4999999999999964,45.50000000000001,24.48571428571429,0.0,377.021190716448,0.0,0.0,0.0
1686,2020-07-12 09:02:00,59.09090909090909,164.03846153846158,242.50000000000006,4.500000000000001,76.66666666666666,19.818181818181817,0.0,458.70629370629376,0.0,0.0,0.0
1687,2020-07-12 09:02:01,32.00000000000002,224.77272727272722,213.1818181818182,46.94444444444445,20.875000000000004,39.186046511627914,47.8253493013972,257.89121756487026,8.74251497005988,0.0,327.70259481037925
1688,2020-07-12 09:02:02,40.53571428571429,84.34782608695652,220.0,4.500000000000001,4.909090909090909,45.166666666666664,0.0,407.2444889779559,0.0,0.0,128.65430861723445
1689,2020-07-12 09:02:03,40.75581395348837,109.375,217.50000000000003,80.00000000000001,70.00000000000001,55.35714285714286,287.943,383.808,0.0,0.0,41.489
1690,2020-07-12 09:02:04,127.35294117647067,128.23529411764704,216.53846153846152,53.333333333333314,87.14285714285714,48.452380952380956,133.63697318007664,421.04789272030655,0.0,0.0,0.0
1691,2020-07-12 09:02:05,168.00000000000003,185.71428571428575,190.0,7.000000000000001,22.0,20.090909090909097,53.47758081334724,387.20855057351406,0.0,0.0,798.8029197080292
1692,2020-07-12 09:02:06,80.86206896551728,141.84210526315803,244.37499999999997,,,56.87500000000004,26.45837512537613,385.827482447342,0.205616850551655,0.0,0.0
1693,2020-07-12 09:02:07,125.0,209.77272727272728,220.00000000000003,59.99999999999997,4.666666666666667,167.74193548387095,0.0,269.78,0.0,0.0,0.0
1694,2020-07-12 09:02:08,24.285714285714285,78.2352941176471,210.00000000000003,4.500000000000001,4.500000000000001,24.25,154.4885114885115,573.0319680319681,0.0,41.45454545454545,182.0759240759241
1695,2020-07-12 09:02:09,38.281250000000014,149.99999999999994,205.00000000000003,86.00000000000001,65.00000000000004,46.818181818181834,0.0,0.0,0.0,0.0,0.0
1696,2020-07-12 09:02:10,38.15789473684212,95.10869565217392,175.0,37.00000000000001,4.875,38.055555555555564,0.0,575.3819444444445,0.0,0.0,0.0
1697,2020-07-12 09:02:11,86.33333333333334,161.87500000000003,180.0,76.66666666666667,19.000000000000004,28.000000000000025,55.11758793969849,208.08442211055277,9.527638190954775,0.0,283.729648241206
1698,2020-07-12 09:02:12,181.56250000000003,164.99999999999997,232.85714285714286,83.74999999999999,77.0,23.073863636363637,0.0,453.9618856569709,0.0,0.0,228.7382146439318
1699,2020-07-12 09:02:13,96.85714285714285,193.97058823529412,205.00000000000006,,,181.8181818181818,215.05194805194807,283.68431568431566,0.0,0.0,90.35664335664337
1700,2020-07-12 09:02:14,37.857142857142875,83.7878787878788,208.00000000000003,5.000000000000009,90.00000000000003,24.499999999999993,215.67832167832168,403.945054945055,0.0,0.0,0.0
1701,2020-07-12 09:02:15,44.72222222222223,90.16949152542374,90.41666666666667,7.00000000000001,8.500000000000004,72.40740740740739,62.508508508508505,367.7847847847848,0.0,0.0,630.6276276276276
1702,2020-07-12 09:02:16,41.52173913043479,94.03846153846155,130.00000000000003,4.5,4.5,40.50000000000001,0.0,437.434,0.205,0.0,0.0
1703,2020-07-12 09:02:17,24.951612903225804,146.5789473684211,69.99999999999999,4.725,4.725,51.75000000000004,22.541,352.902,0.0,0.0,0.0
1704,2020-07-12 09:02:18,23.258928571428573,94.12500000000003,96.66666666666669,4.5,7.7499999999999964,41.13636363636364,155.4666021297193,419.3184898354308,0.0,38.110358180058086,145.18683446272993
1705,2020-07-12 09:02:19,209.2857142857143,423.3333333333333,,90.00000000000001,4.500000000000001,9.250000000000002,0.0,295.9101917255298,0.0,0.0,0.0
1706,2020-07-12 09:02:20,81.99999999999999,100.00000000000027,47.5,,,77.5,0.0,0.0,0.0,0.0,0.0
1707,2020-07-12 09:02:21,41.66666666666666,215.71428571428575,212.5,82.49999999999999,7.249999999999995,62.000000000000036,96.63523316062177,283.419689119171,7.647668393782384,0.0,369.28082901554404
1708,2020-07-12 09:02:22,70.4,89.58333333333333,194.28571428571433,,,42.58620689655174,0.0,419.1687203791469,0.0,0.0,236.23317535545024
1709,2020-07-12 09:02:23,40.69444444444442,182.50000000000006,205.00000000000003,84.16666666666667,18.249999999999993,47.22222222222225,148.99045599151646,192.7507953340403,0.0,0.0,56.10922587486745
1710,2020-07-12 09:02:24,139.64285714285717,204.03225806451613,250.0,4.95,4.95,89.23076923076925,196.42,407.627,0.0,0.0,0.0
1711,2020-07-12 09:02:25,42.187500000000014,86.00000000000003,122.50000000000001,76.66666666666666,8.2,30.961538461538485,49.93206793206794,325.5614385614386,0.0,0.0,456.2097902097903
1712,2020-07-12 09:02:26,30.50000000000001,94.52830188679245,208.75000000000003,90.00000000000001,24.0,22.06382978723404,10.27927927927928,303.97697697697697,0.20520520520520522,0.0,0.0
1713,2020-07-12 09:02:27,40.00000000000001,218.44827586206895,97.18750000000001,16.000000000000007,53.3333333333334,43.77551020408164,0.0,366.2224390243903,0.0,0.0,207.93560975609756
1714,2020-07-12 09:02:28,40.241935483870975,84.84375000000001,235.00000000000003,,,41.93181818181818,133.88331627430912,402.1381780962129,0.0,34.03275332650972,0.0
1715,2020-07-12 09:02:29,23.89795918367347,202.90697674418612,90.00000000000003,4.909090909090909,19.000000000000004,36.77083333333333,0.0,425.3696303696304,0.0,0.0,0.0
1716,2020-07-12 09:02:30,113.00000000000014,226.22641509433964,167.49999999999986,4.500000000000001,4.500000000000001,42.19999999999998,0.0,317.73119358074223,0.0,0.00802407221664995,0.0
1717,2020-07-12 09:02:31,40.357142857142875,262.5,190.0,175.0,77.5,24.597560975609756,50.925,381.576,9.54,0.0,387.066
1718,2020-07-12 09:02:32,28.382352941176443,95.7377049180328,222.14285714285714,82.85714285714285,78.00000000000001,42.037037037037024,0.0,365.5365365365365,0.0,0.0,117.17717717717717
1719,2020-07-12 09:02:33,23.906779661016948,96.48936170212768,69.99999999999999,4.800000000000001,4.500000000000001,36.09375000000001,234.33666333666335,457.9860139860141,0.0,0.0,39.43656343656344
1720,2020-07-12 09:02:34,23.738095238095237,176.11111111111123,196.42857142857144,,,38.1,104.45853658536586,295.6321951219512,0.0,0.0,0.0
1721,2020-07-12 09:02:35,37.352941176470594,220.62500000000006,91.875,69.99999999999999,60.00000000000001,40.63953488372095,123.13017154389506,305.481331987891,0.0,0.0,846.539858728557
1722,2020-07-12 09:02:36,38.92857142857146,266.0714285714286,212.50000000000003,4.500000000000001,13.000000000000009,44.16666666666667,25.19113300492611,334.86009852216756,0.2019704433497537,0.0,0.0
1723,2020-07-12 09:02:37,122.5000000000001,98.85416666666667,99.09090909090911,4.75,52.49999999999998,150.86956521739125,0.0,344.0915354330709,0.0,0.0,52.81003937007874
1724,2020-07-12 09:02:38,67.63157894736842,182.50000000000006,215.00000000000003,4.500000000000001,45.41666666666667,51.333333333333336,273.8592666005947,384.5252725470763,0.0,39.54410307234887,0.0
1725,2020-07-12 09:02:39,44.21875,84.48717948717946,233.75,,,29.583333333333325,0.0,432.1234309623431,0.0,0.0,0.0
1726,2020-07-12 09:02:40,41.551724137931025,89.4318181818182,211.42857142857147,82.14285714285715,47.0,44.25675675675678,0.0,474.06451612903226,0.0,0.0,0.0
1727,2020-07-12 09:02:41,77.7777777777778,161.73076923076928,87.50000000000003,13.749999999999996,4.500000000000001,72.2916666666667,37.451548451548454,412.1608391608392,8.991008991008991,0.0,338.7142857142857
1728,2020-07-12 09:02:42,89.68085106382979,308.3333333333335,207.5,,,171.2500000000001,0.0,312.7819095477387,0.0,0.0,145.18391959798993
1729,2020-07-12 09:02:43,46.5625,207.64705882352945,95.00000000000001,52.50000000000004,8.2,46.858974358974365,210.133,257.912,0.0,0.0,0.0
1730,2020-07-12 09:02:44,48.50000000000001,178.0882352941177,130.00000000000003,4.500000000000001,4.500000000000001,76.15384615384616,153.765,546.43,0.0,0.0,0.0
1731,2020-07-12 09:02:45,39.852941176470594,90.71428571428572,89.50000000000003,4.500000000000001,4.875000000000001,67.74999999999999,93.508,361.673,0.0,0.0,808.478
1732,2020-07-12 09:02:46,62.64705882352942,208.94736842105266,93.92857142857143,22.900000000000002,8.714285714285712,54.70588235294122,3.258064516129032,397.8851992409867,0.19449715370018975,0.0,0.0
1733,2020-07-12 09:02:47,47.1153846153846,101.07142857142856,93.5,4.500000000000001,8.0,32.50000000000004,196.34864300626307,351.347599164927,0.0,41.64926931106472,98.87891440501043
1734,2020-07-12 09:02:48,,,,,,,0.0,280.32394366197184,0.0,0.0,0.0
1735,2020-07-12 09:02:49,80.14285714285714,238.5,422.22222222222223,85.83333333333334,9.125000000000002,213.00000000000003,0.0,170.93768844221105,0.0,0.0,0.0
1736,2020-07-12 09:02:50,46.354166666666664,148.21428571428578,211.00000000000003,41.87499999999999,8.375,48.80434782608695,0.0,415.9619238476954,0.0,0.0,0.0
1737,2020-07-12 09:02:51,132.00000000000006,228.57142857142856,224.09090909090907,83.125,9.125000000000002,33.1,39.728271728271736,111.5784215784216,8.691308691308691,0.0,384.3626373626374
1738,2020-07-12 09:02:52,24.94943820224719,152.50000000000003,186.25000000000009,,,42.875,0.0,428.00698602794415,0.0,0.0,106.40918163672654
1739,2020-07-12 09:02:53,24.64893617021277,90.68627450980394,227.5,93.33333333333334,39.99999999999999,35.312500000000014,285.391,425.231,0.0,0.0,27.36
1740,2020-07-12 09:02:54,125.3846153846154,100.0,98.66666666666669,56.66666666666666,9.11111111111111,48.49056603773585,173.39317953861584,382.5536609829488,0.0,0.0,0.0
1741,2020-07-12 09:02:55,60.714285714285815,217.33870967741936,233.75,90.71428571428572,83.75,56.11111111111118,69.88454011741682,355.6614481409002,0.0,0.0,821.4765166340509
1742,2020-07-12 09:02:56,24.074468085106385,96.10000000000002,182.50000000000006,,,79.00000000000001,2.8260427263479144,369.92370295015263,0.20854526958290948,0.0,0.0
1743,2020-07-12 09:02:57,118.75000000000004,191.73076923076925,233.33333333333334,42.91666666666667,77.50000000000001,82.50000000000044,0.0,458.79563492063494,0.0,0.0,57.44742063492063
1744,2020-07-12 09:02:58,38.690476190476204,99.88372093023257,230.5,92.77777777777777,20.500000000000007,99.28571428571426,148.67069486404833,400.53776435045313,0.0,42.056394763343405,189.45115810674722
1745,2020-07-12 09:02:59,32.692307692307686,89.64285714285717,92.50000000000001,4.500000000000001,5.500000000000027,49.375,0.0,367.19095477386935,0.0,0.0,0.0
1746,2020-07-12 09:03:00,182.5,99.34782608695653,229.375,46.5,50.0,24.708333333333332,0.0,415.128,0.0,0.0,0.0
1747,2020-07-12 09:03:01,63.00000000000007,234.34782608695642,190.0,67.50000000000001,4.875000000000001,49.65517241379311,98.12970297029703,372.38514851485144,8.851485148514852,0.0,341.90792079207915
1748,2020-07-12 09:03:02,39.34210526315789,91.66666666666666,88.33333333333333,,,96.11111111111111,0.0,354.149646107179,0.0,0.0,0.0
1749,2020-07-12 09:03:03,92.375,90.98360655737704,167.5,4.5,38.333333333333336,23.209677419354836,186.33466135458167,470.5567729083665,0.0,0.0,20.33565737051793
1750,2020-07-12 09:03:04,71.7857142857143,95.48387096774195,137.50000000000003,20.200000000000003,56.66666666666669,49.26470588235297,249.0893032384691,373.8213935230619,0.0,0.0,0.0
1751,2020-07-12 09:03:05,34.090909090909115,79.25000000000004,175.0,18.000000000000004,22.000000000000007,64.99999999999997,3.3582395087001022,382.1566018423746,0.0,0.0,733.1995905834186
1752,2020-07-12 09:03:06,75.76923076923077,150.7692307692308,224.99999999999997,22.750000000000007,80.00000000000003,36.98529411764705,55.56787762906309,321.312619502868,0.19598470363288717,0.0,0.0
1753,2020-07-12 09:03:07,72.85714285714285,396.25000000000006,250.0,,,47.50000000000006,0.0,377.6083769633508,0.0,0.0,0.0
1754,2020-07-12 09:03:08,23.02272727272727,119.7368421052633,220.0,62.5,85.0,24.0,106.38138138138137,422.6786786786787,0.0,39.40740740740741,281.34334334334335
1755,2020-07-12 09:03:09,64.09090909090912,171.53846153846158,134.99999999999994,4.6875,8.125,75.92592592592592,0.0,429.005,0.0,0.0,0.0
1756,2020-07-12 09:03:10,85.00000000000001,157.9545454545454,144.99999999999997,4.821428571428572,85.00000000000001,37.81250000000002,0.0,367.515873015873,0.0,0.0,0.0
1757,2020-07-12 09:03:11,83.78048780487804,90.64102564102564,218.125,,,97.94117647058823,193.14214214214215,229.25225225225225,9.60960960960961,0.0,449.31531531531533
1758,2020-07-12 09:03:12,82.02702702702702,199.07894736842104,197.5,68.75000000000003,23.125000000000014,49.722222222222236,0.0,583.7142857142857,0.0,0.0,80.43561368209257
1759,2020-07-12 09:03:13,79.35483870967744,205.49999999999991,233.33333333333334,4.500000000000001,90.62500000000001,26.346153846153847,151.61127596439172,145.0494559841741,0.0,0.0,51.57368941641939
1760,2020-07-12 09:03:14,83.74999999999999,143.50000000000003,95.0,4.500000000000001,4.500000000000001,177.50000000000006,176.53690596562186,344.989888776542,0.0,0.0,0.0
1761,2020-07-12 09:03:15,,205.00000000000003,,,,,42.855,95.0,0.0,0.0,629.887
1762,2020-07-12 09:03:16,,,,,,23.5,0.0,0.0,0.20479520479520483,0.0,0.0
1763,2020-07-12 09:03:17,,,,,,,55.3704433497537,0.0,0.0,0.0,98.30738916256158
1764,2020-07-12 09:03:18,,,,,,,105.9969512195122,0.0,0.0,25.951219512195124,0.0
1765,2020-07-12 09:03:19,94.87500000000001,205.00000000000003,95.0,4.500000000000001,4.500000000000001,94.1304347826087,0.0,33.18318318318318,0.0,0.0,0.0
1766,2020-07-12 09:03:20,22.000000000000007,4.500000000000001,95.0,,,83.0,0.0,0.0,0.0,0.0,0.0
1767,2020-07-12 09:03:21,4.500000000000001,,,4.500000000000001,4.500000000000001,46.25000000000001,24.87,0.0,2.64,0.0,164.511
1768,2020-07-12 09:03:22,225.49295774647888,213.99999999999997,235.00000000000003,4.846153846153847,75.00000000000004,86.59574468085107,0.0,73.87573385518591,0.0,0.0,12.064579256360078
1769,2020-07-12 09:03:23,89.16666666666667,160.0000000000001,171.25000000000006,,4.500000000000001,89.76190476190477,53.387589013224826,0.0,0.0,0.0,15.972533062054934
1770,2020-07-12 09:03:24,43.04054054054055,235.0,160.0,4.909090909090909,4.909090909090909,93.80000000000001,48.24824120603015,344.6532663316583,0.0,0.0,0.0
1771,2020-07-12 09:03:25,84.35483870967741,189.31818181818187,182.5000000000001,,,95.00000000000001,7.166500498504487,358.04187437686943,0.0,0.0,229.63509471585246
1772,2020-07-12 09:03:26,66.99999999999999,175.5000000000001,107.50000000000006,4.666666666666667,19.000000000000004,38.712121212121225,40.7133072407045,568.706457925636,0.20058708414872797,0.0,0.0
1773,2020-07-12 09:03:27,71.57894736842104,165.86956521739137,222.14285714285714,47.50000000000001,33.750000000000014,45.22727272727274,0.0,391.81697341513296,0.0,0.0,0.0
1774,2020-07-12 09:03:28,77.80000000000003,185.50000000000003,186.25,23.83333333333334,54.99999999999999,90.85714285714282,61.869608826479435,439.07823470411233,0.0,21.87763289869609,145.81444332998996
1775,2020-07-12 09:03:29,24.847457627118644,85.44444444444444,224.99999999999997,,,34.28571428571429,0.0,373.6023976023977,0.0,0.0,0.0
1776,2020-07-12 09:03:30,183.2894736842105,240.23255813953492,229.0,93.33333333333334,9.2,129.21052631578945,0.0,298.87400793650795,0.0,0.007936507936507936,0.0
1777,2020-07-12 09:03:31,38.95833333333334,202.16216216216216,171.25,82.85714285714286,16.0,42.50000000000001,39.11604439959636,469.76185671039354,7.507568113017154,0.0,260.3249243188698
1778,2020-07-12 09:03:32,24.07692307692308,93.40909090909092,212.5,,,44.86842105263158,0.0,322.416,0.0,0.0,96.742
1779,2020-07-12 09:03:33,54.999999999999986,217.69230769230768,47.5,45.00000000000002,80.00000000000001,70.00000000000001,183.007,0.0,0.0,0.0,2.466
1780,2020-07-12 09:03:34,64.99999999999999,85.76923076923079,95.0,4.500000000000001,35.00000000000001,89.54545454545455,177.241,135.758,0.0,0.0,0.0
1781,2020-07-12 09:03:35,222.35294117647058,222.72727272727272,228.57142857142858,43.43750000000001,9.142857142857144,97.75862068965517,67.99902056807052,0.0,0.0,0.0,652.6062683643487
1782,2020-07-12 09:03:36,91.9811320754717,197.85714285714283,232.49999999999997,,,58.63636363636364,40.8115234375,175.4765625,0.2001953125,0.0,0.0
1783,2020-07-12 09:03:37,80.1785714285715,165.25,227.50000000000003,80.0,34.99999999999999,108.33333333333343,41.99476439790576,292.2910994764398,0.0,0.0,0.0
1784,2020-07-12 09:03:38,87.07317073170732,95.625,148.75000000000003,84.99999999999999,54.999999999999986,66.45833333333334,96.399,438.229,0.0,31.92,147.323
1785,2020-07-12 09:03:39,49.13265306122449,67.50000000000003,100.0,13.000000000000016,5.833333333333334,25.31250000000003,0.0,408.775,0.0,0.0,0.0
1786,2020-07-12 09:03:40,33.52941176470588,98.72727272727275,47.5,14.499999999999998,6.000000000000001,63.84615384615388,0.0,388.44,0.0,0.0,0.0
1787,2020-07-12 09:03:41,97.05882352941177,316.66666666666663,406.25,81.875,88.12500000000001,91.48648648648653,31.06106106106106,331.36136136136133,7.087087087087086,0.0,353.3373373373373
1788,2020-07-12 09:03:42,35.44117647058825,152.85714285714278,218.75,4.500000000000001,86.25,24.88461538461538,0.0,379.86529466791393,0.0,0.0,56.44153414405987
1789,2020-07-12 09:03:43,43.333333333333336,90.94827586206897,65.0,,,87.1428571428572,241.71750805585393,426.4812030075188,0.0,0.0,56.44575725026853
1790,2020-07-12 09:03:44,23.193181818181827,98.4782608695652,201.66666666666666,49.583333333333336,9.944444444444443,40.925925925925945,190.4125874125874,438.24975024975026,0.0,0.0,0.0
1791,2020-07-12 09:03:45,24.142857142857146,97.67241379310346,167.5,5.499999999999996,88.75,24.133333333333336,43.157370517928285,438.16135458167327,0.0,0.0,733.2400398406375
1792,2020-07-12 09:03:46,22.413793103448278,88.39285714285714,90.00000000000001,16.9,35.000000000000014,22.57042253521127,0.28714859437751006,345.37248995983936,0.20582329317269077,0.0,0.0
1793,2020-07-12 09:03:47,55.58823529411759,227.70270270270268,356.25,391.66666666666674,96.66666666666669,185.90909090909088,4.996996996996997,229.83483483483482,0.0,0.0,0.0
1794,2020-07-12 09:03:48,61.470588235294116,25.000000000000068,93.57142857142858,,,37.499999999999986,155.3992055610725,614.6127110228402,0.0,40.41509433962264,180.71400198609734
1795,2020-07-12 09:03:49,65.52631578947371,48.12500000000002,163.75000000000009,61.24999999999998,4.500000000000001,48.2638888888889,0.0,266.01711983887213,0.0,0.0,0.0
1796,2020-07-12 09:03:50,46.666666666666686,77.50000000000001,226.0,4.5,20.499999999999996,98.39285714285714,0.0,533.843,0.0,0.0,0.0
1797,2020-07-12 09:03:51,29.615384615384617,40.576923076923066,62.49999999999999,,,50.0,47.0889110889111,455.6553446553447,9.590409590409593,0.0,326.84415584415586
1798,2020-07-12 09:03:52,24.957746478873243,210.9375,178.00000000000006,4.500000000000001,4.982142857142858,23.994680851063833,0.0,477.384,0.0,0.0,70.428
1799,2020-07-12 09:03:53,23.867924528301895,87.22222222222226,45.0,4.500000000000001,88.75000000000001,29.99999999999986,390.3604766633565,360.6623634558094,0.0,0.0,11.92154915590864
1800,2020-07-12 09:03:54,23.457746478873243,45.500000000000014,92.3076923076923,4.655172413793103,4.65,53.54166666666671,159.1913393756294,540.2870090634441,0.0,0.0,0.0
1801,2020-07-12 09:03:55,39.9342105263158,36.89655172413794,84.99999999999999,4.500000000000001,37.50000000000001,23.34693877551021,12.93,465.234,0.0,0.0,808.136
1802,2020-07-12 09:03:56,27.500000000000004,55.00000000000001,60.00000000000003,4.500000000000001,4.500000000000001,30.147058823529413,0.0,186.24,0.205,0.0,0.0
1803,2020-07-12 09:03:57,24.878378378378372,64.75000000000006,220.0,4.821428571428572,34.99999999999997,29.625000000000025,8.301397205588822,554.0469061876248,0.0,0.0,0.0
1804,2020-07-12 09:03:58,23.558823529411764,35.603448275862064,175.0,4.500000000000001,90.0,21.392857142857142,168.456157635468,478.36551724137934,0.0,41.931034482758626,181.42068965517242
1805,2020-07-12 09:03:59,22.666666666666668,46.11111111111113,82.99999999999999,4.5,81.6666666666667,35.937500000000014,0.0,417.66091370558377,0.0,0.0,0.0
1806,2020-07-12 09:04:00,24.61971830985916,22.966101694915253,152.5,4.500000000000001,7.0,71.25000000000001,0.0,549.3256513026051,0.0,0.0,0.0
1807,2020-07-12 09:04:01,23.750000000000004,39.89583333333332,199.0,4.714285714285715,78.00000000000003,30.535714285714278,44.90424481737414,295.43435340572563,9.47680157946693,0.0,327.92892398815405
1808,2020-07-12 09:04:02,22.833333333333336,83.1578947368421,202.0,54.99999999999999,4.764705882352942,48.333333333333364,0.0,359.2358771060456,0.0,0.0,96.8374628344896
1809,2020-07-12 09:04:03,33.8888888888889,68.88888888888889,227.49999999999997,,,33.65384615384617,302.98771750255884,540.6386898669397,0.0,0.0,45.553735926305016
1810,2020-07-12 09:04:04,24.566666666666663,74.04761904761907,96.66666666666669,6.750000000000006,80.83333333333334,23.71428571428571,231.20713577799805,335.9672943508425,0.0,0.0,0.0
1811,2020-07-12 09:04:05,34.523809523809526,21.250000000000004,87.50000000000001,4.500000000000001,4.500000000000001,27.250000000000032,1.1581067472306144,501.8177240684794,0.0,0.0,965.2547834843907
1812,2020-07-12 09:04:06,24.158536585365855,24.345454545454544,92.14285714285715,55.00000000000003,4.821428571428572,28.50000000000003,28.722171113155472,394.36706531738736,0.18859245630174795,0.0,0.0
1813,2020-07-12 09:04:07,35.93749999999998,47.33870967741937,89.16666666666667,4.875000000000001,4.500000000000001,49.45652173913043,0.0,582.4720087815588,0.0,0.0,0.0
1814,2020-07-12 09:04:08,23.476190476190478,76.2857142857143,70.00000000000001,,4.5,29.772727272727295,124.168,382.816,0.0,42.294,222.312
1815,2020-07-12 09:04:09,21.55,23.000000000000004,215.00000000000003,75.00000000000001,4.821428571428572,41.28378378378376,0.0,429.1819085487077,0.0,0.0,0.0
1816,2020-07-12 09:04:10,38.89705882352943,22.34782608695652,47.22222222222223,4.500000000000001,4.500000000000001,23.766666666666666,0.0,577.1519364448859,0.0,0.0,0.0
1817,2020-07-12 09:04:11,71.5909090909091,30.394736842105278,68.33333333333331,4.500000000000001,4.764705882352942,41.09375,14.120323559150659,502.57937310414565,9.706774519716886,0.0,228.417593528817
1818,2020-07-12 09:04:12,45.480769230769226,24.906249999999996,88.33333333333334,4.750000000000001,4.736842105263158,43.63636363636364,0.0,366.46446446446447,0.0,0.0,206.43043043043042
1819,2020-07-12 09:04:13,39.791666666666636,172.65625000000006,46.5,4.500000000000001,4.500000000000001,24.909090909090917,386.6523476523477,237.04495504495506,0.0,0.0,32.87812187812189
1820,2020-07-12 09:04:14,87.94117647058827,45.06944444444445,93.66666666666667,4.859999999999999,35.00000000000001,65.92592592592591,212.61148977604674,524.8286270691334,0.0,0.0,0.0
1821,2020-07-12 09:04:15,48.95348837209305,56.562499999999964,95.00000000000006,4.5,4.500000000000001,77.50000000000001,48.034979423868315,411.3755144032922,0.0,0.0,818.366255144033
1822,2020-07-12 09:04:16,37.900000000000006,24.01724137931034,100.0,4.500000000000001,60.00000000000001,24.55,0.0,515.7175648702595,0.20459081836327345,0.0,0.0
1823,2020-07-12 09:04:17,34.25000000000001,42.30769230769231,91.07142857142858,4.673076923076923,4.6607142857142865,45.986842105263165,10.099,472.529,0.0,0.0,0.0
1824,2020-07-12 09:04:18,33.52941176470589,41.66666666666668,145.00000000000014,8.499999999999998,47.500000000000014,22.94186046511628,125.66332665330663,468.062124248497,0.0,42.64529058116233,99.63226452905812
1825,2020-07-12 09:04:19,48.387096774193544,23.7710843373494,90.00000000000001,4.500000000000001,4.687500000000001,24.161764705882355,0.0,515.7217217217217,0.0,0.0,0.0
1826,2020-07-12 09:04:20,43.40909090909093,35.000000000000014,149.99999999999994,,5.0,32.88461538461538,0.0,447.42415169660677,0.0,0.0,0.0
1827,2020-07-12 09:04:21,24.50632911392405,34.13461538461539,96.66666666666669,4.500000000000001,,47.11538461538461,109.252,495.316,9.6,0.0,496.443
1828,2020-07-12 09:04:22,82.08333333333343,24.664179104477615,190.00000000000006,75.62500000000001,5.0,46.6326530612245,0.0,437.6155378486056,0.0,0.0,82.09561752988047
1829,2020-07-12 09:04:23,81.6176470588235,85.43103448275863,185.0,23.5,4.500000000000001,35.277777777777786,276.0994974874372,463.7155778894472,0.0,0.0,0.0
1830,2020-07-12 09:04:24,23.746268656716417,22.525,190.00000000000003,42.49999999999999,72.00000000000001,23.016129032258064,94.91964285714286,0.0,0.0,0.0,0.0
1831,2020-07-12 09:04:25,79.16666666666669,22.681818181818176,95.0,4.500000000000001,9.000000000000002,35.500000000000014,114.43895055499496,486.5257315842583,0.0,0.0,771.1786074672048
1832,2020-07-12 09:04:26,145.00000000000006,97.50000000000003,47.5,,,47.64705882352942,0.0,37.74193548387097,0.19449715370018975,0.0,0.0
1833,2020-07-12 09:04:27,205.00000000000003,86.94444444444443,230.7142857142857,86.25000000000001,4.500000000000001,55.83333333333338,20.871713985278657,277.58675078864354,0.0,0.0,0.0
1834,2020-07-12 09:04:28,131.50000000000009,47.125,219.99999999999997,4.500000000000001,4.500000000000001,47.246835443037966,125.09839357429719,164.92168674698794,0.0,34.9859437751004,154.7078313253012
1835,2020-07-12 09:04:29,37.60000000000001,24.669491525423727,225.0,5.833333333333337,8.863636363636365,73.50000000000001,0.0,198.05818540433924,0.0,0.0,0.0
1836,2020-07-12 09:04:30,45.060975609756106,48.39285714285715,91.25000000000001,,,59.99999999999999,0.0,498.37361530715003,0.0,0.008056394763343404,0.0
1837,2020-07-12 09:04:31,22.72222222222223,24.833333333333332,115.00000000000016,19.375,4.500000000000001,27.833333333333346,44.98388721047332,467.76435045317226,7.371601208459214,0.0,379.6344410876133
1838,2020-07-12 09:04:32,32.97619047619048,87.4074074074074,202.5,58.33333333333339,4.891304347826087,46.09756097560974,0.0,551.3083083083084,0.0,0.0,124.24524524524524
1839,2020-07-12 09:04:33,28.571428571428573,36.30952380952381,185.00000000000006,4.821428571428572,62.5,39.79166666666667,187.381,146.851,0.0,0.0,2.926
1840,2020-07-12 09:04:34,63.88888888888894,43.20312499999999,184.00000000000003,52.499999999999964,7.666666666666667,60.21739130434791,126.44827586206897,564.6837438423646,0.0,0.0,0.0
1841,2020-07-12 09:04:35,73.68421052631582,27.142857142857153,98.99999999999999,80.00000000000001,20.125,35.83333333333337,70.2834008097166,334.62651821862346,0.0,0.0,533.3653846153846
1842,2020-07-12 09:04:36,82.14285714285741,38.942307692307686,205.00000000000003,39.16666666666668,39.16666666666668,39.16666666666672,0.0,585.8368368368369,0.20520520520520522,0.0,0.0
1843,2020-07-12 09:04:37,35.0,161.76470588235304,92.00000000000001,4.500000000000001,4.500000000000001,74.72222222222223,3.3373373373373374,406.8578578578578,0.0,0.0,0.0
1844,2020-07-12 09:04:38,48.37837837837838,72.50000000000004,96.875,4.500000000000001,20.500000000000004,86.76470588235294,186.039,562.373,0.0,36.974,113.962
1845,2020-07-12 09:04:39,42.08333333333335,27.857142857142893,137.50000000000006,42.50000000000001,4.5,47.25,0.0,496.3982035928144,0.0,0.0,0.0
1846,2020-07-12 09:04:40,27.72727272727273,22.642857142857146,227.5,35.83333333333333,33.12499999999999,43.0357142857143,0.0,419.72845691382764,0.0,0.0,0.0
1847,2020-07-12 09:04:41,37.50000000000001,35.76923076923079,152.50000000000009,4.500000000000001,78.33333333333336,23.854166666666668,129.868,575.475,9.0,0.0,541.812
1848,2020-07-12 09:04:42,25.0,24.65068493150685,50.0,,,32.343750000000014,0.0,499.690099009901,0.0,0.0,61.51188118811881
1849,2020-07-12 09:04:43,21.915094339622637,25.468750000000057,91.25,4.859999999999999,4.500000000000001,41.59090909090909,242.20665322580646,430.8840725806451,0.0,0.0,24.737903225806452
1850,2020-07-12 09:04:44,36.30434782608695,47.74193548387098,182.5000000000001,4.500000000000001,22.750000000000014,98.33333333333341,163.1814556331007,177.73180458624128,0.0,0.0,0.0
1851,2020-07-12 09:04:45,22.787499999999998,79.56521739130437,148.7500000000001,27.500000000000004,4.859999999999999,32.7,57.814889336016094,619.2203219315895,0.0,0.0,684.5885311871227
1852,2020-07-12 09:04:46,71.25000000000003,38.57142857142858,98.125,,,41.3235294117647,0.0,333.43256262042394,0.197495183044316,0.0,0.0
1853,2020-07-12 09:04:47,30.499999999999986,22.375000000000004,95.0,24.25,8.916666666666666,23.3,0.0,467.14948453608247,0.0,0.0,0.0
1854,2020-07-12 09:04:48,34.318181818181834,23.160377358490575,206.66666666666666,39.37500000000001,73.00000000000001,57.38095238095239,127.33165322580645,467.9052419354839,0.0,38.881048387096776,143.4727822580645
1855,2020-07-12 09:04:49,41.42857142857144,76.59090909090911,94.0909090909091,4.875,4.875,43.14285714285715,0.0,421.88194444444446,0.0,0.0,0.0
1856,2020-07-12 09:04:50,92.30769230769229,40.56818181818183,92.27272727272728,4.500000000000001,4.500000000000001,43.19444444444442,0.0,211.22486772486775,0.0,0.0,0.0
1857,2020-07-12 09:04:51,23.23214285714286,27.49999999999999,65.00000000000003,,,47.00000000000007,198.45240761478163,701.4120940649495,10.011198208286674,0.0,575.8701007838745
1858,2020-07-12 09:04:52,47.55813953488372,45.00000000000003,232.0,4.5,4.875000000000001,36.94444444444444,0.0,407.340885684861,0.0,0.0,18.124613800205974
1859,2020-07-12 09:04:53,36.82692307692307,25.53571428571428,92.91666666666667,14.500000000000027,4.500000000000001,50.71428571428574,178.90150753768845,365.51055276381913,0.0,0.0,58.358793969849245
1860,2020-07-12 09:04:54,47.37179487179487,88.07692307692308,87.00000000000003,4.500000000000001,67.50000000000003,75.00000000000001,185.14985014985015,427.07592407592415,0.0,0.0,0.0
1861,2020-07-12 09:04:55,24.793103448275865,41.3125,223.75,,,36.56250000000001,73.67821782178218,473.9108910891089,0.0,0.0,678.8148514851486
1862,2020-07-12 09:04:56,71.3636363636364,84.49999999999996,217.69230769230768,4.749999999999999,52.5,75.00000000000003,0.0,13.880687563195146,0.20728008088978767,0.0,0.0
1863,2020-07-12 09:04:57,42.37500000000001,44.16666666666667,46.875,4.500000000000001,73.75000000000004,46.730769230769226,0.0,823.228,0.0,0.0,0.0
1864,2020-07-12 09:04:58,22.977272727272727,77.58620689655172,65.0,4.500000000000001,72.50000000000001,35.20000000000001,189.31521739130434,243.8181818181818,0.0,42.055335968379445,237.76284584980237
1865,2020-07-12 09:04:59,24.02173913043479,62.631578947368425,85.625,4.500000000000001,4.833333333333335,38.225806451612904,0.0,345.5121212121212,0.0,0.0,0.0
1866,2020-07-12 09:05:00,25.357142857142875,20.932692307692317,93.57142857142858,,,22.91304347826087,0.0,523.4920792079207,0.0,0.0,0.0
1867,2020-07-12 09:05:01,24.387755102040817,59.06250000000003,89.66666666666667,4.810344827586207,4.655172413793104,42.663043478260875,22.880445795339412,524.6757852077001,8.99696048632219,0.0,489.11448834853087
1868,2020-07-12 09:05:02,30.909090909090903,76.57894736842108,,4.500000000000001,5.000000000000009,27.85714285714285,0.0,391.6383616383617,0.0,0.0,47.19980019980021
1869,2020-07-12 09:05:03,177.5,174.50000000000006,152.50000000000009,4.500000000000001,4.500000000000001,23.14545454545455,196.106,529.94,0.0,0.0,60.19
1870,2020-07-12 09:05:04,35.500000000000014,35.599999999999994,148.75000000000003,4.500000000000001,33.750000000000014,48.75,199.251,466.644,0.0,0.0,0.0
1871,2020-07-12 09:05:05,26.13636363636364,38.152173913043484,87.5,,,22.72222222222222,71.95845697329378,462.13353115727006,0.0,0.0,729.3808110781405
1872,2020-07-12 09:05:06,24.210526315789476,41.63793103448276,220.0,9.250000000000002,67.50000000000003,45.56451612903226,0.11368209255533199,486.21327967806843,0.2062374245472837,0.0,0.0
1873,2020-07-12 09:05:07,23.36111111111112,86.11111111111113,186.24999999999997,4.86,16.900000000000006,40.446428571428584,0.9065326633165829,532.027135678392,0.0,0.0,0.0
1874,2020-07-12 09:05:08,34.64285714285714,96.24999999999997,152.50000000000009,4.875000000000001,4.875000000000001,56.33333333333335,245.467,535.579,0.0,42.56,131.215
1875,2020-07-12 09:05:09,26.60714285714287,32.8409090909091,212.5,4.673076923076923,40.35714285714286,36.41891891891892,0.0,359.298,0.0,0.0,0.0
1876,2020-07-12 09:05:10,27.833333333333332,136.25000000000009,145.00000000000009,40.62500000000001,4.821428571428572,37.75000000000002,0.0,150.96134786917742,0.0,0.0,0.0
1877,2020-07-12 09:05:11,23.914893617021278,87.22222222222223,95.71428571428574,,,44.31818181818181,127.992992992993,583.3423423423424,9.54954954954955,0.0,483.992992992993
1878,2020-07-12 09:05:12,22.1304347826087,53.125000000000036,87.50000000000001,41.25000000000002,37.500000000000014,28.69565217391307,0.0,501.79296482412065,0.0,0.0,81.72361809045226
1879,2020-07-12 09:05:13,24.686567164179102,24.15131578947369,160.00000000000006,4.500000000000001,4.500000000000001,65.78947368421053,288.882,405.302,0.0,0.0,89.918
1880,2020-07-12 09:05:14,22.924999999999997,22.43421052631579,226.00000000000003,44.09090909090909,27.49999999999999,122.0588235294116,135.12248995983936,394.7821285140562,0.0,0.0,0.0
1881,2020-07-12 09:05:15,31.428571428571416,31.315789473684212,80.00000000000001,40.0,4.909090909090909,35.49999999999999,40.532467532467535,362.26373626373635,0.0,0.0,743.6163836163837
1882,2020-07-12 09:05:16,24.431818181818183,41.73076923076924,232.0,40.00000000000001,35.00000000000001,73.57142857142861,0.0,467.139,0.205,0.0,0.0
1883,2020-07-12 09:05:17,71.25,91.15384615384616,,,,178.75000000000009,28.573,131.699,0.0,0.0,0.0
1884,2020-07-12 09:05:18,220.42857142857144,93.33333333333334,235.00000000000003,21.571428571428577,19.000000000000004,206.36363636363637,130.35957066189624,80.05813953488371,0.0,32.119856887298745,108.20393559928442
1885,2020-07-12 09:05:19,215.00000000000003,209.41176470588235,232.0,,,94.78260869565217,0.0,0.0,0.0,0.0,0.0
1886,2020-07-12 09:05:20,76.969696969697,70.00000000000011,230.7142857142857,44.16666666666667,40.99999999999999,76.71428571428575,0.0,599.164,0.0,0.0,0.0
1887,2020-07-12 09:05:21,79.44444444444446,112.99999999999997,235.00000000000003,40.50000000000001,9.142857142857144,45.988372093023266,70.001,418.196,7.92,0.0,419.945
1888,2020-07-12 09:05:22,32.18749999999999,45.654761904761926,235.00000000000003,,,86.57894736842103,0.0,475.957042957043,0.0,0.0,56.656343656343665
1889,2020-07-12 09:05:23,24.39285714285714,79.0,78.33333333333334,76.00000000000001,60.00000000000001,153.03571428571445,188.3853853853854,426.5845845845846,0.0,0.0,47.467467467467465
1890,2020-07-12 09:05:24,46.36363636363638,73.28571428571429,88.57142857142858,4.500000000000001,4.500000000000001,28.49999999999997,122.50849150849153,425.3556443556444,0.0,0.0,0.0
1891,2020-07-12 09:05:25,24.53333333333334,40.22727272727272,90.0,4.909090909090909,23.499999999999993,38.24999999999998,44.574425574425575,517.4165834165835,0.0,0.0,476.0499500499501
1892,2020-07-12 09:05:26,29.464285714285708,86.82926829268293,226.81818181818184,92.72727272727273,8.499999999999996,28.750000000000043,0.0,322.1202404809619,0.20541082164328656,0.0,0.0
1893,2020-07-12 09:05:27,24.826086956521742,34.58333333333336,98.75,,,38.40909090909091,34.35,460.352,0.0,0.0,0.0
1894,2020-07-12 09:05:28,24.368421052631586,23.76612903225807,88.8888888888889,4.500000000000001,37.500000000000036,49.19811320754717,127.57357357357358,472.7407407407407,0.0,36.21221221221221,147.45745745745745
1895,2020-07-12 09:05:29,45.499999999999936,48.2692307692308,230.0,40.62500000000001,6.250000000000001,32.91666666666669,0.0,476.1207920792079,0.0,0.0,0.0
1896,2020-07-12 09:05:30,22.707547169811328,37.91666666666665,227.0,79.16666666666666,9.166666666666663,37.4107142857143,0.0,548.7574850299402,0.0,0.007984031936127744,0.0
1897,2020-07-12 09:05:31,58.125000000000036,57.05882352941186,220.0,,,37.91666666666668,130.65691220988901,475.31987891019173,9.68718466195762,0.0,540.300706357215
1898,2020-07-12 09:05:32,43.98148148148147,22.731707317073173,205.00000000000003,47.5,4.500000000000001,34.58333333333336,0.0,488.56616915422893,0.0,0.0,108.89353233830848
1899,2020-07-12 09:05:33,56.250000000000064,72.3913043478261,223.75000000000003,4.891304347826087,47.50000000000006,155.62499999999997,228.78693467336683,485.3839195979899,0.0,0.0,103.95778894472362
1900,2020-07-12 09:05:34,24.79452054794521,29.87500000000004,175.0,4.821428571428572,81.00000000000001,28.90624999999999,117.97997997997999,0.0,0.0,0.0,0.0
1901,2020-07-12 09:05:35,23.83620689655173,24.375,220.00000000000003,82.0,8.999999999999998,39.285714285714285,195.84869739478958,463.9949899799599,0.0,0.0,739.566132264529
1902,2020-07-12 09:05:36,38.75000000000001,67.50000000000001,86.0,4.846153846153846,74.99999999999999,30.333333333333332,0.0,509.9561316051845,0.20438683948155537,0.0,0.0
1903,2020-07-12 09:05:37,40.520833333333336,42.41666666666668,152.50000000000006,38.75,4.764705882352942,20.96428571428571,0.781962338949455,419.4212091179386,0.0,0.0,0.0
1904,2020-07-12 09:05:38,24.574074074074076,41.42857142857144,224.6153846153846,,,24.973684210526322,84.9,542.0959595959596,0.0,43.52727272727273,193.2161616161616
1905,2020-07-12 09:05:39,24.818181818181824,110.38461538461543,220.0,21.333333333333336,16.00000000000002,46.94444444444446,0.0,501.09418837675355,0.0,0.0,0.0
1906,2020-07-12 09:05:40,27.16666666666666,23.766666666666673,217.0,69.99999999999999,69.99999999999999,38.937500000000014,0.0,365.446,0.0,0.0,0.0
1907,2020-07-12 09:05:41,30.93750000000001,63.86363636363636,196.4285714285714,4.714285714285714,4.500000000000001,39.37500000000003,155.4111776447106,632.066866267465,8.802395209580839,0.0,300.4570858283433
1908,2020-07-12 09:05:42,27.812499999999964,58.61111111111105,95.0,4.78125,57.50000000000006,23.46511627906976,0.0,488.8446215139442,0.0,0.0,149.05278884462152
1909,2020-07-12 09:05:43,22.529411764705884,185.71428571428572,96.33333333333334,4.704545454545454,8.357142857142858,43.00847457627119,238.29689067201605,104.5937813440321,0.0,0.0,64.41624874623871
1910,2020-07-12 09:05:44,29.79166666666666,34.821428571428534,375.0000000000001,90.00000000000001,86.25000000000001,37.49999999999998,149.03507014028057,506.09018036072143,0.0,0.0,0.0
1911,2020-07-12 09:05:45,23.61538461538462,34.519230769230774,209.28571428571436,81.25000000000001,70.00000000000003,42.96874999999997,84.72681954137587,549.0578265204388,0.0,0.0,709.6430707876372
1912,2020-07-12 09:05:46,29.705882352941185,76.04166666666667,145.00000000000003,4.704545454545454,4.500000000000001,27.678571428571427,0.0,272.7432567432568,0.20479520479520483,0.0,0.0
1913,2020-07-12 09:05:47,22.45394736842105,21.61111111111111,232.85714285714286,77.50000000000003,86.66666666666667,23.726027397260275,0.17352056168505517,609.9468405215647,0.0,0.0,0.0
1914,2020-07-12 09:05:48,77.10526315789471,48.942307692307686,190.0,6.0,86.81818181818183,39.92857142857142,178.5015015015015,340.5835835835836,0.0,42.07007007007007,244.15415415415416
1915,2020-07-12 09:05:49,26.999999999999996,37.589285714285715,227.50000000000003,81.66666666666667,86.25,44.64285714285717,0.0,475.7577268195414,0.0,0.0,0.0
1916,2020-07-12 09:05:50,95.95238095238095,99.5833333333333,86.25000000000004,4.500000000000001,4.500000000000001,41.1875,0.0,511.0337972166998,0.0,0.0,0.0
1917,2020-07-12 09:05:51,49.84375000000001,25.45454545454547,97.85714285714286,65.0,6.400000000000005,41.97916666666668,158.2014098690836,445.55186304128904,10.211480362537765,0.0,418.6646525679758
1918,2020-07-12 09:05:52,40.661764705882355,24.97727272727273,91.87500000000001,,,32.88461538461537,0.0,519.8758758758759,0.0,0.0,116.7987987987988
1919,2020-07-12 09:05:53,37.934782608695656,32.812500000000014,99.375,44.50000000000001,35.0,36.43939393939394,246.9109109109109,475.39339339339335,0.0,0.0,75.29729729729729
1920,2020-07-12 09:05:54,33.977272727272734,87.10526315789471,214.00000000000003,8.0,19.000000000000004,29.00000000000001,197.89572989076467,432.3594836146972,0.0,0.0,0.0
1921,2020-07-12 09:05:55,179.35483870967744,37.02380952380954,88.50000000000003,4.821428571428572,4.714285714285714,57.64705882352942,62.586693548387096,415.9909274193549,0.0,0.0,683.359879032258
1922,2020-07-12 09:05:56,65.3125,124.74999999999983,90.00000000000003,4.500000000000001,4.500000000000001,28.90625000000004,0.0,516.6863136863137,0.20479520479520483,0.0,0.0
1923,2020-07-12 09:05:57,46.018518518518526,139.7058823529412,91.25,4.500000000000001,25.0,125.50000000000006,11.027,513.117,0.0,0.0,0.0
1924,2020-07-12 09:05:58,28.636363636363654,45.44117647058824,185.71428571428572,4.90909090909091,71.00000000000001,79.83870967741937,85.96407185628742,266.00998003992015,0.0,42.4750499001996,255.16067864271457
1925,2020-07-12 09:05:59,29.10714285714287,23.273584905660375,77.5,4.500000000000001,20.5,30.192307692307708,0.0,306.46793587174346,0.0,0.0,0.0
1926,2020-07-12 09:06:00,31.624999999999993,43.12500000000001,197.5,4.500000000000001,5.0,37.91666666666671,0.0,606.4102564102564,0.0,0.0,0.0
1927,2020-07-12 09:06:01,74.23076923076921,81.94444444444447,227.0588235294118,86.81818181818183,4.500000000000001,71.62162162162164,108.78498985801217,507.737322515213,8.640973630831642,0.0,374.96348884381337
1928,2020-07-12 09:06:02,23.672131147540984,80.78947368421052,223.0,4.500000000000001,55.00000000000001,20.421052631578952,0.0,305.5735735735735,0.0,0.0,84.67567567567568
1929,2020-07-12 09:06:03,33.15789473684211,25.833333333333332,95.0,4.833333333333334,4.6607142857142865,28.84615384615382,210.3026973026973,538.1208791208792,0.0,0.0,111.00699300699301
1930,2020-07-12 09:06:04,24.877551020408166,22.576923076923077,84.99999999999999,4.500000000000001,4.95,20.935483870967747,226.895,510.912,0.0,0.0,0.0
1931,2020-07-12 09:06:05,30.147058823529413,26.764705882352967,175.0,,,59.58333333333332,78.905,416.318,0.0,0.0,597.247
1932,2020-07-12 09:06:06,25.937499999999993,211.81818181818178,140.00000000000003,4.891304347826087,79.99999999999999,41.25000000000001,0.0,171.466,0.205,0.0,0.0
1933,2020-07-12 09:06:07,23.5,9.000000000000002,47.5,4.5,4.5,37.00000000000002,56.24062214089662,0.0,0.0,0.0,179.65782250686186
1934,2020-07-12 09:06:08,90.00000000000001,87.85714285714288,235.00000000000003,4.500000000000001,4.500000000000001,8.0,76.26460859977949,47.51378169790518,0.0,44.28445424476295,0.0
1935,2020-07-12 09:06:09,,,,,,,0.0,0.0,0.0,0.0,0.0
1936,2020-07-12 09:06:10,231.0,196.0,,,,204.99999999999997,0.0,19.89,0.0,0.0,0.0
1937,2020-07-12 09:06:11,,,,,,,64.365,26.52,6.6,0.0,427.121
1938,2020-07-12 09:06:12,202.0,,,,,75.00000000000001,0.0,0.0,0.0,0.0,2.466
1939,2020-07-12 09:06:13,96.61016949152543,130.00000000000017,220.00000000000003,,,221.66666666666669,42.73626373626374,213.53746253746257,0.0,0.0,21.88811188811189
1940,2020-07-12 09:06:14,43.16666666666667,162.5,222.99999999999997,4.95,89.00000000000001,49.895833333333336,100.04738400789735,0.0,0.0,0.0,0.0
1941,2020-07-12 09:06:15,47.85714285714286,175.78947368421055,249.99999999999997,80.0,63.75000000000003,87.22222222222223,41.36299292214358,471.9919110212336,0.0,0.0,249.36905965621838
1942,2020-07-12 09:06:16,34.99999999999999,22.944444444444454,167.50000000000003,4.500000000000001,,29.749999999999986,32.11911111111111,457.16,0.18222222222222223,0.0,0.0
1943,2020-07-12 09:06:17,28.863636363636378,28.611111111111136,208.00000000000003,4.500000000000001,8.16666666666667,43.58974358974359,0.0,319.68571428571425,0.0,0.0,0.0
1944,2020-07-12 09:06:18,22.533333333333335,21.735294117647058,2350.0,38.33333333333334,6.000000000000014,47.70833333333332,27.607214428857716,699.3847695390781,0.0,13.859719438877756,56.1192384769539
1945,2020-07-12 09:06:19,46.5340909090909,178.28125,208.75000000000006,4.500000000000001,79.99999999999999,44.67391304347826,0.0,457.6002004008016,0.0,0.0,0.0
1946,2020-07-12 09:06:20,36.87500000000002,68.18181818181819,94.70588235294117,,,70.58823529411764,0.0,435.6756487025948,0.0,0.0,0.0
1947,2020-07-12 09:06:21,23.92857142857143,24.372093023255818,175.0,4.500000000000001,10.500000000000007,53.15789473684215,61.799,442.681,7.14,0.0,397.255
1948,2020-07-12 09:06:22,94.16666666666669,24.100000000000005,145.00000000000014,16.750000000000004,47.500000000000014,23.56521739130435,0.0,445.9869739478958,0.0,0.0,0.0
1949,2020-07-12 09:06:23,80.31250000000001,47.50000000000006,,,,50.0,201.964,82.875,0.0,0.0,60.728
1950,2020-07-12 09:06:24,47.0625,199.37500000000003,222.81250000000003,6.833333333333336,7.000000000000002,36.36363636363636,143.752,19.89,0.0,0.0,0.0
1951,2020-07-12 09:06:25,39.83333333333333,174.99999999999994,,10.0,67.5,45.000000000000014,124.28190476190477,258.8228571428571,0.0,0.0,587.792380952381
1952,2020-07-12 09:06:26,137.50000000000003,90.55555555555557,235.00000000000003,,,171.25,25.282208588957054,50.84355828220859,0.2096114519427403,0.0,0.0
1953,2020-07-12 09:06:27,64.04761904761908,48.89423076923079,115.00000000000006,4.95,92.14285714285714,90.88888888888889,20.057553956834536,228.42857142857142,0.0,0.0,0.0
1954,2020-07-12 09:06:28,53.75000000000006,21.178571428571427,235.00000000000003,8.38888888888889,9.590909090909092,39.52380952380953,120.722,583.607,0.0,31.92,180.483
1955,2020-07-12 09:06:29,45.526315789473685,23.5,93.125,24.625,16.75,42.916666666666636,0.0,535.4734734734734,0.0,0.0,0.0
1956,2020-07-12 09:06:30,44.635416666666664,139.16666666666683,49.72222222222222,4.7368421052631575,4.5,40.33333333333333,0.0,467.0611439842209,0.0,0.007889546351084813,0.0
1957,2020-07-12 09:06:31,77.00000000000001,66.90476190476191,159.99999999999997,4.500000000000001,4.500000000000001,41.562500000000014,21.11144883485309,475.27456940222896,6.869300911854103,0.0,347.27456940222896
1958,2020-07-12 09:06:32,39.80000000000002,24.718749999999996,212.50000000000003,4.500000000000001,81.66666666666667,45.93750000000003,0.0,215.63863863863864,0.0,0.0,33.011011011011014
1959,2020-07-12 09:06:33,92.5,177.27272727272725,225.35714285714286,89.61538461538463,14.499999999999995,47.934782608695656,267.78265204386844,523.7367896311067,0.0,0.0,35.27118644067797
1960,2020-07-12 09:06:34,44.12790697674419,21.58620689655173,235.00000000000003,37.50000000000001,43.75000000000001,54.64285714285713,120.023,472.02,0.0,0.0,0.0
1961,2020-07-12 09:06:35,88.69047619047619,136.66666666666677,218.125,,,49.583333333333336,89.49201596806388,469.00698602794415,0.0,0.0,631.1556886227545
1962,2020-07-12 09:06:36,24.672413793103452,42.09459459459461,205.00000000000006,4.500000000000001,86.11111111111111,45.657894736842096,0.0,548.6710130391174,0.205616850551655,0.0,0.0
1963,2020-07-12 09:06:37,30.93750000000001,125.71428571428572,189.99999999999994,4.500000000000001,62.500000000000014,27.083333333333357,19.07915831663327,459.5881763527054,0.0,0.0,0.0
1964,2020-07-12 09:06:38,172.1153846153846,68.75000000000003,195.00000000000003,4.500000000000001,68.75000000000001,37.960526315789494,167.26073926073926,418.0399600399601,0.0,42.51748251748252,197.81418581418583
1965,2020-07-12 09:06:39,194.35483870967747,46.87500000000001,224.2857142857143,4.909090909090909,90.00000000000001,22.348214285714285,0.0,327.33994053518336,0.0,0.0,0.0
1966,2020-07-12 09:06:40,45.80882352941176,21.766666666666666,115.0000000000001,4.78125,75.00000000000001,21.842105263157897,0.0,585.1008064516128,0.0,0.0,0.0
1967,2020-07-12 09:06:41,25.89285714285713,26.406249999999993,95.71428571428572,5.0,4.95,37.941176470588246,98.61361361361362,515.997997997998,8.94894894894895,0.0,418.8538538538538
1968,2020-07-12 09:06:42,30.000000000000018,90.67307692307692,217.85714285714286,83.75000000000001,83.75000000000001,35.769230769230774,0.0,193.36236236236235,0.0,0.0,179.69269269269267
1969,2020-07-12 09:06:43,39.90384615384615,38.5,194.99999999999997,,,41.24999999999999,168.52876984126985,413.1061507936508,0.0,0.0,37.23412698412698
1970,2020-07-12 09:06:44,43.28947368421053,21.723684210526315,85.00000000000001,4.5,4.714285714285714,24.58196721311476,203.1602822580645,340.81552419354836,0.0,0.0,0.0
1971,2020-07-12 09:06:45,71.6,52.64705882352946,145.00000000000003,4.500000000000001,4.500000000000001,34.02777777777777,114.49850149850151,513.4525474525475,0.0,0.0,689.6033966033966
1972,2020-07-12 09:06:46,98.5294117647059,67.69230769230775,232.6315789473684,43.958333333333336,8.124999999999996,72.94871794871796,0.0,452.5429141716567,0.20459081836327345,0.0,0.0
1973,2020-07-12 09:06:47,31.83333333333334,32.20588235294119,69.99999999999999,4.500000000000001,62.500000000000014,23.382352941176478,29.314629258517034,527.6292585170341,0.0,0.0,0.0
1974,2020-07-12 09:06:48,21.481818181818184,21.936170212765962,190.0,13.750000000000007,70.0,23.609375000000004,161.9311377245509,407.20259481037925,0.0,42.4750499001996,206.96107784431138
1975,2020-07-12 09:06:49,81.62790697674419,68.87096774193547,70.0,,,67.10526315789475,0.0,599.7125748502993,0.0,0.0,0.0
1976,2020-07-12 09:06:50,31.38888888888889,51.47058823529404,90.00000000000001,10.0,37.50000000000001,69.76190476190477,0.0,461.6907630522088,0.0,0.0,0.0
1977,2020-07-12 09:06:51,53.33333333333339,60.71428571428575,232.85714285714286,50.000000000000064,10.000000000000053,24.257142857142863,40.744278606965175,81.80000000000001,9.134328358208958,0.0,477.8029850746269
1978,2020-07-12 09:06:52,23.75,22.944444444444446,91.66666666666667,5.0,4.500000000000001,37.49999999999999,0.0,664.9139139139139,0.0,0.0,102.82982982982983
1979,2020-07-12 09:06:53,24.415254237288146,22.814285714285717,145.00000000000009,28.750000000000004,57.50000000000001,26.125000000000032,225.0206692913386,529.9576771653544,0.0,0.0,26.912401574803148
1980,2020-07-12 09:06:54,58.50000000000008,24.28947368421053,233.33333333333334,49.166666666666664,7.833333333333331,39.12500000000001,150.32290615539858,344.0696266397578,0.0,0.0,0.0
1981,2020-07-12 09:06:55,41.59090909090908,58.94736842105268,152.49999999999994,,,42.50000000000001,134.75471698113208,454.43098311817283,0.0,0.0,585.3088381330687
1982,2020-07-12 09:06:56,48.64583333333334,47.857142857142875,87.72727272727273,4.500000000000001,13.999999999999995,106.74999999999999,0.0,252.05858585858587,0.20707070707070707,0.0,0.0
1983,2020-07-12 09:06:57,37.66666666666668,56.111111111111114,59.999999999999986,4.500000000000001,4.500000000000001,33.92857142857143,79.80443548387098,225.25,0.0,0.0,0.0
1984,2020-07-12 09:06:58,46.363636363636395,178.97058823529417,226.0,5.0,84.00000000000001,25.681818181818162,165.98208955223882,578.2099502487563,0.0,39.96616915422886,283.97114427860697
1985,2020-07-12 09:06:59,27.6923076923077,31.375,210.0,47.50000000000003,16.5,42.85714285714287,0.0,220.48396793587173,0.0,0.0,0.0
1986,2020-07-12 09:07:00,23.72727272727273,33.84615384615384,220.00000000000003,20.50000000000001,91.11111111111113,24.72,0.0,629.7392176529589,0.0,0.0,0.0
1987,2020-07-12 09:07:01,45.95238095238097,23.346153846153843,212.50000000000003,,,44.61538461538462,10.636636636636636,409.94094094094095,9.429429429429428,0.0,391.2662662662663
1988,2020-07-12 09:07:02,28.3333333333333,46.84782608695653,92.00000000000001,4.500000000000001,17.999999999999996,42.1875,0.0,446.5414585414586,0.0,0.0,127.30069930069932
1989,2020-07-12 09:07:03,75.65217391304348,30.93750000000002,217.85714285714286,4.800000000000001,86.66666666666667,67.61904761904763,116.478,424.866,0.0,0.0,43.551
1990,2020-07-12 09:07:04,31.66666666666669,25.17857142857142,163.74999999999997,4.500000000000001,4.500000000000001,43.28125,246.48454636091728,306.1615154536391,0.0,0.0,0.0
1991,2020-07-12 09:07:05,39.400000000000006,42.999999999999986,175.00000000000009,4.725,87.14285714285717,36.78571428571427,83.41424272818456,472.44533600802407,0.0,0.0,756.2647943831495
1992,2020-07-12 09:07:06,24.857142857142854,83.22580645161291,70.00000000000001,4.500000000000001,4.8,45.43478260869567,36.75247524752475,477.50198019801985,0.20297029702970298,0.0,0.0
1993,2020-07-12 09:07:07,47.56097560975609,148.15789473684208,97.5,14.500000000000023,4.500000000000001,70.15625,31.560483870967744,368.6431451612903,0.0,0.0,0.0
1994,2020-07-12 09:07:08,41.111111111111114,35.227272727272734,160.00000000000003,4.500000000000001,83.99999999999999,38.08823529411766,180.330685203575,497.563058589871,0.0,39.88679245283019,170.15392254220458
1995,2020-07-12 09:07:09,35.22727272727272,78.84615384615384,196.00000000000006,,,60.76923076923078,0.0,185.2441977800202,0.0,0.0,0.0
1996,2020-07-12 09:07:10,24.342105263157897,66.66666666666666,97.50000000000003,34.37500000000001,30.000000000000004,36.911764705882355,0.0,176.94005994005997,0.0,0.0,0.0
1997,2020-07-12 09:07:11,62.35294117647063,188.46153846153848,185.00000000000006,70.0,4.500000000000001,74.03846153846155,29.556556556556554,319.5575575575575,9.24924924924925,0.0,393.87987987987987
1998,2020-07-12 09:07:12,71.5909090909091,22.81818181818182,134.99999999999994,4.500000000000001,4.500000000000001,72.50000000000004,0.0,484.294,0.0,0.0,118.675
1999,2020-07-12 09:07:13,24.336065573770497,25.468750000000018,208.75000000000003,4.500000000000001,4.875000000000001,27.34375,194.595,563.625,0.0,0.0,57.108
2000,2020-07-12 09:07:14,29.374999999999957,40.625,232.0,4.909090909090909,80.0,39.868421052631575,219.4064064064064,391.01001001001003,0.0,0.0,0.0
2001,2020-07-12 09:07:15,145.0000000000001,44.28571428571429,,,,24.16666666666667,67.1968031968032,48.94605394605395,0.0,0.0,638.7062937062938
2002,2020-07-12 09:07:16,82.03703703703705,73.12500000000003,95.0,76.99999999999999,61.66666666666665,131.57894736842107,26.473887814313343,112.28529980657639,0.19825918762088976,0.0,0.0
2003,2020-07-12 09:07:17,90.78125000000001,87.85714285714286,232.27272727272728,4.500000000000001,90.00000000000001,180.00000000000006,46.7887323943662,181.78370221327967,0.0,0.0,0.0
2004,2020-07-12 09:07:18,81.00000000000001,204.06250000000003,216.99999999999997,4.5,4.5,146.1538461538462,73.39415322580645,246.22177419354838,0.0,35.663306451612904,118.79737903225806
2005,2020-07-12 09:07:19,75.21739130434781,46.71875000000001,91.25000000000001,,,92.29166666666666,0.0,282.0591775325978,0.0,0.0,0.0
2006,2020-07-12 09:07:20,38.181818181818194,44.37500000000005,95.3846153846154,4.500000000000001,4.666666666666667,57.249999999999986,0.0,749.0985772357724,0.0,0.0,0.0
2007,2020-07-12 09:07:21,46.02941176470589,23.26,205.00000000000003,19.000000000000004,4.500000000000001,24.11764705882353,57.48828125,0.0,7.1484375,0.0,370.095703125
2008,2020-07-12 09:07:22,39.44444444444446,22.710526315789473,91.0,4.5,4.821428571428572,47.84090909090909,0.0,535.1859545004946,0.0,0.0,15.370919881305639
2009,2020-07-12 09:07:23,45.00000000000001,23.59183673469389,145.00000000000006,71.66666666666669,63.333333333333364,44.399999999999984,158.47767393561787,322.06334371754934,0.0,0.0,161.29802699896157
2010,2020-07-12 09:07:24,46.105769230769226,22.413793103448278,54.99999999999995,,13.000000000000016,172.6315789473685,173.56643356643357,516.6073926073927,0.0,0.0,0.0
2011,2020-07-12 09:07:25,23.444444444444446,65.33333333333331,92.85714285714288,4.5,6.9999999999999964,37.26562500000001,60.07868525896414,549.22609561753,0.0,0.0,613.3107569721116
2012,2020-07-12 09:07:26,41.40625000000001,22.75,87.50000000000001,4.764705882352942,12.250000000000005,46.87500000000003,0.0,502.95887662988963,0.205616850551655,0.0,0.0
2013,2020-07-12 09:07:27,136.42857142857142,56.81818181818186,49.0909090909091,4.500000000000001,4.500000000000001,153.43749999999994,55.30561122244489,468.80761523046095,0.0,0.0,0.0
2014,2020-07-12 09:07:28,40.53571428571429,31.73076923076923,213.57142857142858,43.12500000000001,5.833333333333334,91.11111111111114,144.143,450.146,0.0,35.91,195.462
2015,2020-07-12 09:07:29,22.725,37.08333333333337,226.42857142857142,57.500000000000014,6.750000000000004,23.190476190476193,0.0,586.8055832502492,0.0,0.0,0.0
2016,2020-07-12 09:07:30,44.46153846153847,24.318181818181824,230.0,87.0,81.25,24.72916666666667,0.0,495.90357852882704,0.0,0.0,0.0
2017,2020-07-12 09:07:31,24.499999999999996,40.434782608695656,218.75,4.6875,21.25,66.42857142857142,45.295065458207446,447.14199395770396,8.821752265861027,0.008056394763343404,220.3716012084592
2018,2020-07-12 09:07:32,38.82352941176471,33.125,190.00000000000006,,,91.04166666666666,0.0,337.004004004004,0.0,0.0,130.6766766766767
2019,2020-07-12 09:07:33,35.714285714285715,28.833333333333353,99.0625,17.5,62.5,44.11764705882353,155.966,615.268,0.0,0.0,187.166
2020,2020-07-12 09:07:34,44.56896551724138,33.80434782608695,220.00000000000003,4.500000000000001,7.5,67.6086956521739,237.578,485.279,0.0,0.0,0.0
2021,2020-07-12 09:07:35,21.964285714285722,104.28571428571449,95.00000000000003,4.500000000000001,4.821428571428572,30.416666666666686,88.97804391217565,433.35828343313375,0.0,0.0,741.631736526946
2022,2020-07-12 09:07:36,49.66666666666665,49.00000000000001,125.00000000000006,4.6875,8.125,38.40909090909092,0.0,374.99501495513465,0.20438683948155537,0.0,0.0
2023,2020-07-12 09:07:37,29.736842105263154,33.00000000000002,100.00000000000027,4.821428571428572,4.821428571428572,23.474576271186443,0.1135678391959799,521.8874371859296,0.0,0.0,0.0
2024,2020-07-12 09:07:38,35.93749999999999,32.499999999999986,95.00000000000001,,,43.409090909090914,266.91957364341084,236.60174418604652,0.0,40.98255813953489,246.77325581395348
2025,2020-07-12 09:07:39,23.142857142857153,25.781250000000043,92.3076923076923,4.500000000000001,4.891304347826088,42.23214285714284,0.0,382.78800413650464,0.0,0.0,0.0
2026,2020-07-12 09:07:40,23.5234375,141.5384615384616,84.99999999999999,4.821428571428572,4.500000000000001,24.96938775510204,0.0,510.4255744255745,0.0,0.0,0.0
2027,2020-07-12 09:07:41,34.77272727272729,88.28571428571429,71.25,4.500000000000001,4.725,36.574074074074076,55.522,516.331,9.6,0.0,266.716
2028,2020-07-12 09:07:42,37.74193548387098,63.57142857142861,152.50000000000009,4.500000000000001,4.500000000000001,29.00000000000001,0.0,334.096,0.0,0.0,7.899
2029,2020-07-12 09:07:43,29.50000000000003,43.75000000000001,137.5,4.500000000000001,4.928571428571428,21.353448275862075,86.465,524.668,0.0,0.0,131.64
2030,2020-07-12 09:07:44,73.66666666666664,71.25000000000001,48.57142857142857,4.500000000000001,4.846153846153847,57.500000000000284,257.1831831831832,385.2762762762763,0.0,0.0,0.0
2031,2020-07-12 09:07:45,43.80000000000001,30.208333333333336,175.0,4.500000000000001,4.800000000000001,30.78947368421054,60.52147852147853,599.6733266733268,0.0,0.0,940.7102897102898
2032,2020-07-12 09:07:46,44.39393939393942,74.2,98.57142857142857,4.725,4.725,29.605263157894754,0.0,324.2680608365019,0.19486692015209123,0.0,0.0
2033,2020-07-12 09:07:47,36.13636363636365,56.49999999999998,70.0,,,43.5,0.0,238.8479408658923,0.0,0.0,0.0
2034,2020-07-12 09:07:48,24.870689655172416,113.00000000000004,92.14285714285715,4.500000000000001,16.750000000000007,46.31944444444445,281.1788211788212,491.6523476523477,0.0,43.048951048951054,125.7882117882118
2035,2020-07-12 09:07:49,202.66666666666666,163.60000000000008,218.33333333333331,4.75,5.0,26.59090909090911,0.0,404.93512974051896,0.0,0.0,0.0
2036,2020-07-12 09:07:50,157.75,43.109756097560975,47.5,4.800000000000001,4.800000000000001,170.22727272727278,0.0,411.48944337811895,0.0,0.0,0.0
2037,2020-07-12 09:07:51,42.89473684210526,45.952380952380956,223.21428571428575,4.687500000000001,4.891304347826087,98.54166666666669,66.7452736318408,650.8557213930349,9.134328358208958,0.0,218.55920398009954
2038,2020-07-12 09:07:52,40.54687500000001,64.78260869565221,90.0,,,79.42307692307693,0.0,143.71398527865406,0.0,0.0,15.429022082018928
2039,2020-07-12 09:07:53,41.13636363636364,58.684210526315795,97.00000000000003,4.500000000000001,4.821428571428572,61.75000000000004,186.57042957042958,780.0689310689311,0.0,0.0,196.36163836163837
2040,2020-07-12 09:07:54,24.261538461538464,22.880434782608692,94.33333333333334,4.687500000000001,4.500000000000001,48.269230769230774,251.30130130130132,237.44144144144144,0.0,0.0,0.0
2041,2020-07-12 09:07:55,46.98863636363638,37.045454545454575,137.5,4.821428571428572,4.821428571428572,43.910256410256416,63.142,427.268,0.0,0.0,867.377
2042,2020-07-12 09:07:56,27.884615384615387,22.337500000000002,78.33333333333336,32.5,4.500000000000001,36.599999999999994,0.0,310.068,0.205,0.0,0.0
2043,2020-07-12 09:07:57,43.02631578947369,38.95833333333333,214.37500000000003,40.99999999999999,54.999999999999986,46.84782608695653,20.306,485.28,0.0,0.0,0.0
2044,2020-07-12 09:07:58,90.27777777777777,56.052631578947384,86.66666666666667,4.821428571428572,4.500000000000001,80.17241379310344,172.14414414414415,614.7087087087087,0.0,39.67367367367367,116.46546546546546
2045,2020-07-12 09:07:59,24.437500000000004,88.82352941176472,175.0,29.166666666666664,17.500000000000007,46.305970149253746,0.0,455.954045954046,0.0,0.0,0.0
2046,2020-07-12 09:08:00,34.21052631578948,41.607142857142854,137.50000000000003,4.500000000000001,4.821428571428572,42.43589743589744,0.0,483.52574257425744,0.0,0.0,0.0
2047,2020-07-12 09:08:01,173.63636363636365,81.49999999999999,92.27272727272727,,,79.03225806451614,61.05561172901921,463.59858442871587,9.706774519716886,0.0,327.95045500505563
2048,2020-07-12 09:08:02,46.0,47.24489795918367,80.00000000000001,4.891304347826087,8.214285714285715,163.75000000000003,0.0,469.56743256743266,0.0,0.0,25.08591408591409
2049,2020-07-12 09:08:03,44.333333333333336,76.78571428571429,221.875,19.375000000000004,19.375000000000004,109.54545454545459,205.469,489.339,0.0,0.0,49.496
2050,2020-07-12 09:08:04,44.14473684210527,61.249999999999964,181.00000000000006,58.33333333333338,4.891304347826087,24.421052631578956,114.59180457052798,356.75098502758084,0.0,0.0,0.0
2051,2020-07-12 09:08:05,90.62500000000001,25.714285714285726,95.0,,,22.000000000000004,146.65116279069767,81.62790697674419,0.0,0.0,1219.2476060191518
2052,2020-07-12 09:08:06,216.71875000000003,75.0,,,,89.54545454545455,11.03513770180437,0.0,0.19468186134852802,0.0,0.0
2053,2020-07-12 09:08:07,213.00000000000006,226.9230769230769,456.25000000000006,93.63636363636364,8.25,112.0000000000001,0.0,114.19102296450939,0.0,0.0,0.0
2054,2020-07-12 09:08:08,191.7307692307692,95.15151515151516,1750.0,,,92.04545454545455,181.53575025176232,200.48539778449145,0.0,35.89526686807653,176.19738167170192
2055,2020-07-12 09:08:09,21.925000000000004,23.425,210.625,4.500000000000001,4.875,69.64285714285712,0.0,605.4879518072289,0.0,0.0,0.0
2056,2020-07-12 09:08:10,139.99999999999997,31.32352941176472,79.99999999999999,,,33.28125,0.0,484.875,0.0,0.0,0.0
2057,2020-07-12 09:08:11,36.08695652173915,30.921052631578966,98.18181818181819,4.800000000000001,9.250000000000002,40.98684210526318,54.80610236220472,465.16437007874015,7.02755905511811,0.0,284.99015748031496
2058,2020-07-12 09:08:12,34.499999999999986,26.666666666666703,193.75000000000003,6.0,4.909090909090909,41.551724137931025,0.0,0.0,0.0,0.0,100.9380081300813
2059,2020-07-12 09:08:13,73.33333333333339,24.718749999999996,94.5,4.500000000000001,4.500000000000001,41.89999999999999,177.68631368631372,503.02197802197804,0.0,0.0,96.7932067932068
2060,2020-07-12 09:08:14,43.611111111111114,60.00000000000004,140.0,,,83.27586206896551,139.5055055055055,467.43643643643645,0.0,0.0,0.0
2061,2020-07-12 09:08:15,37.98611111111112,109.00000000000007,144.99999999999997,4.695652173913044,6.500000000000004,54.16666666666667,7.606,445.161,0.0,0.0,481.117
2062,2020-07-12 09:08:16,72.00000000000003,64.25,232.2727272727273,91.11111111111111,4.500000000000001,68.00000000000004,0.0,429.1942800788955,0.20216962524654833,0.0,0.0
2063,2020-07-12 09:08:17,38.92857142857143,55.000000000000064,210.00000000000006,80.00000000000003,7.000000000000003,78.63636363636367,96.28803245436106,416.7758620689655,0.0,0.0,0.0
2064,2020-07-12 09:08:18,24.833333333333332,31.428571428571416,82.5,,,34.250000000000036,151.02397602397605,470.5574425574426,0.0,38.7972027972028,100.72227772227774
2065,2020-07-12 09:08:19,35.00000000000002,55.00000000000006,107.50000000000016,4.500000000000001,4.500000000000001,48.92857142857144,0.0,537.7405566600398,0.0,0.0,0.0
2066,2020-07-12 09:08:20,28.684210526315784,41.95312500000002,95.0,4.909090909090909,39.999999999999986,30.66666666666669,0.0,427.62638469284997,0.0,0.0,0.0
2067,2020-07-12 09:08:21,24.36065573770492,35.446428571428584,229.54545454545456,86.66666666666667,73.33333333333336,45.65217391304352,112.46453546453549,464.6773226773227,8.75124875124875,0.0,340.6873126873127
2068,2020-07-12 09:08:22,39.861111111111114,184.28571428571433,130.0,4.500000000000001,7.666666666666665,24.327586206896555,0.0,497.05094905094916,0.0,0.0,71.12987012987013
2069,2020-07-12 09:08:23,36.09375000000001,21.625000000000004,100.0,,,40.535714285714285,264.67903711133397,396.21965897693076,0.0,0.0,197.92176529588767
2070,2020-07-12 09:08:24,68.61111111111111,23.77272727272728,46.94444444444446,4.500000000000001,15.999999999999993,22.41304347826087,118.40804597701148,561.8477011494252,0.0,0.0,0.0
2071,2020-07-12 09:08:25,138.8235294117647,31.166666666666643,160.00000000000009,4.500000000000001,60.00000000000004,22.000000000000007,0.0,391.6559585492228,0.0,0.0,838.6186528497409
2072,2020-07-12 09:08:26,39.05172413793105,22.61363636363636,163.75,4.800000000000001,4.800000000000001,23.91489361702129,0.0,555.7857142857143,0.20337301587301587,0.0,0.0
2073,2020-07-12 09:08:27,43.08823529411765,24.18644067796611,76.66666666666667,4.695652173913044,60.000000000000014,28.281250000000036,112.1261444557477,329.8362156663276,0.0,0.0,0.0
2074,2020-07-12 09:08:28,24.218309859154935,22.127659574468087,96.66666666666667,20.499999999999996,34.99999999999999,23.060344827586203,148.3510324483776,400.9911504424779,0.0,40.017699115044245,25.068829891838746
2075,2020-07-12 09:08:29,31.250000000000014,24.0,222.72727272727272,,,42.499999999999915,0.0,472.0966429298067,0.0,0.0,0.0
2076,2020-07-12 09:08:30,26.25000000000001,40.135135135135144,65.0,76.0,82.85714285714285,34.99999999999999,0.0,375.7452547452548,0.0,0.0,0.0
2077,2020-07-12 09:08:31,24.942307692307693,23.3,66.6666666666667,4.500000000000001,4.500000000000001,31.125000000000014,90.30656219392753,511.2683643486778,9.637610186092068,0.007835455435847209,326.386875612145
2078,2020-07-12 09:08:32,40.91666666666666,23.269230769230774,201.24999999999997,4.500000000000001,72.5,23.989130434782616,0.0,156.6128702757916,0.0,0.0,36.57303370786517
2079,2020-07-12 09:08:33,34.79166666666667,29.078947368421048,114.99999999999994,4.500000000000001,4.90909090909091,22.263157894736846,237.121,574.497,0.0,0.0,168.961
2080,2020-07-12 09:08:34,22.214285714285722,22.64285714285715,140.00000000000003,4.695652173913044,4.90909090909091,23.009090909090915,283.801,515.545,0.0,0.0,0.0
2081,2020-07-12 09:08:35,23.3125,33.928571428571466,202.00000000000003,4.500000000000001,80.00000000000001,34.99999999999998,0.0,509.09809809809815,0.0,0.0,1036.0920920920921
2082,2020-07-12 09:08:36,40.50000000000001,73.39999999999999,93.33333333333337,,,37.368421052631575,0.0,410.45264207377875,0.20438683948155537,0.0,0.0
2083,2020-07-12 09:08:37,24.07894736842106,35.166666666666664,227.50000000000003,4.500000000000001,22.000000000000014,89.16666666666673,5.291875626880642,500.8776328986961,0.0,0.0,0.0
2084,2020-07-12 09:08:38,27.11538461538461,24.099999999999998,223.75,86.66666666666667,60.00000000000006,35.454545454545446,165.51148851148855,353.3846153846154,0.0,41.72027972027972,129.47652347652348
2085,2020-07-12 09:08:39,24.871428571428574,171.25000000000006,160.00000000000006,17.800000000000004,60.00000000000003,37.214285714285715,0.0,526.978,0.0,0.0,0.0
2086,2020-07-12 09:08:40,26.875,36.85185185185187,208.00000000000003,73.33333333333336,60.000000000000036,22.199999999999996,0.0,306.16451932606543,0.0,0.0,0.0
2087,2020-07-12 09:08:41,42.058823529411775,47.291666666666664,200.0,32.500000000000014,90.76923076923077,22.90983606557377,98.21939275220373,460.11263467189036,9.402546523016651,0.0,298.71694417238
2088,2020-07-12 09:08:42,38.79310344827587,94.66666666666671,215.00000000000003,,,40.09259259259259,0.0,395.5734126984127,0.0,0.0,82.81845238095238
2089,2020-07-12 09:08:43,28.3823529411765,28.815789473684198,86.66666666666667,4.500000000000001,4.500000000000001,25.00000000000005,156.73076923076925,554.7941787941787,0.0,0.0,101.75259875259876
2090,2020-07-12 09:08:44,36.87500000000001,54.444444444444514,78.00000000000001,4.500000000000001,4.500000000000001,36.01562499999999,344.848,488.021,0.0,0.0,0.0
2091,2020-07-12 09:08:45,21.25000000000001,21.25000000000001,175.00000000000006,4.500000000000001,4.500000000000001,30.53571428571429,0.0,429.9599217986315,0.0,0.0,730.2033235581623
2092,2020-07-12 09:08:46,41.05769230769232,23.099009900990097,92.00000000000001,15.250000000000014,41.78571428571429,23.19620253164558,0.0,404.01325178389396,0.2089704383282365,0.0,0.0
2093,2020-07-12 09:08:47,31.999999999999964,23.6875,145.00000000000003,4.500000000000001,4.821428571428572,26.458333333333325,24.784353059177533,333.70010030090276,0.0,0.0,0.0
2094,2020-07-12 09:08:48,24.60526315789474,22.300000000000008,185.00000000000006,,,21.821428571428577,155.704,582.771,0.0,43.358,235.279
2095,2020-07-12 09:08:49,54.44444444444446,53.214285714285694,98.33333333333334,4.500000000000001,55.00000000000001,22.609375,0.0,385.041041041041,0.0,0.0,0.0
2096,2020-07-12 09:08:50,48.416666666666664,66.59090909090915,220.00000000000003,4.846153846153847,57.50000000000002,65.45454545454545,0.0,517.6601752677702,0.0,0.0,0.0
2097,2020-07-12 09:08:51,61.15384615384618,33.181818181818194,211.00000000000003,4.875000000000001,82.50000000000001,35.277777777777786,76.21801432958034,294.5383828045036,9.825997952917094,0.0,434.48515864892534
2098,2020-07-12 09:08:52,22.715384615384618,59.16666666666663,205.00000000000003,61.6666666666667,80.00000000000001,45.57692307692312,0.0,274.4793969849246,0.0,0.0,0.0
2099,2020-07-12 09:08:53,23.19387755102041,24.59615384615385,47.5,4.500000000000001,4.500000000000001,22.789473684210527,287.7192807192808,488.85014985014993,0.0,0.0,385.81418581418586
2100,2020-07-12 09:08:54,24.345070422535212,22.55434782608695,203.12500000000006,13.000000000000037,37.000000000000014,37.30263157894736,223.49750747756732,294.8414755732802,0.0,0.0,0.0
2101,2020-07-12 09:08:55,81.15384615384617,84.28571428571428,,,,24.289473684210527,0.0,551.2748244734203,0.0,0.0,552.3560682046138
2102,2020-07-12 09:08:56,,,,,,,33.57840375586854,18.67605633802817,0.19248826291079815,0.0,0.0
2103,2020-07-12 09:08:57,50.50000000000004,205.00000000000003,98.75,4.500000000000001,5.0,42.56756756756757,12.95813953488372,103.54697674418604,0.0,0.0,138.44558139534885
2104,2020-07-12 09:08:58,72.66666666666671,96.60714285714286,230.5,87.0,78.33333333333334,24.43103448275862,129.59212050984937,192.16801853997683,0.0,40.06952491309386,0.0
2105,2020-07-12 09:08:59,57.14285714285723,94.37500000000001,196.00000000000006,4.500000000000001,6.499999999999999,45.28846153846153,0.0,465.20198019801984,0.0,0.0,0.0
2106,2020-07-12 09:09:00,197.24137931034485,42.73809523809525,182.50000000000009,,,81.42857142857143,0.0,203.58383838383838,0.0,0.0,0.0
2107,2020-07-12 09:09:01,80.31250000000001,126.47058823529409,215.7142857142857,34.16666666666669,52.500000000000036,46.47058823529416,67.749498997996,408.69238476953905,7.214428857715431,0.0,365.36573146292585
2108,2020-07-12 09:09:02,50.55555555555553,176.03448275862078,171.25000000000006,4.973684210526317,24.700000000000006,40.075757575757585,0.0,373.758,0.0,0.0,0.0
2109,2020-07-12 09:09:03,60.00000000000001,100.0,205.00000000000003,88.12500000000001,68.33333333333333,30.333333333333353,178.67267267267266,456.8298298298298,0.0,0.0,235.34134134134135
2110,2020-07-12 09:09:04,24.58823529411765,71.66666666666666,205.00000000000003,41.66666666666667,41.25000000000001,24.433673469387756,133.533,231.24,0.0,0.0,0.0
2111,2020-07-12 09:09:05,24.610000000000003,40.44642857142857,65.0,4.500000000000001,4.500000000000001,22.913043478260875,0.616,427.007,0.0,0.0,511.694
2112,2020-07-12 09:09:06,35.70000000000002,40.564516129032256,96.11111111111111,4.500000000000001,52.50000000000004,36.63461538461539,0.0,349.001,0.205,0.0,0.0
2113,2020-07-12 09:09:07,24.8,38.375,190.00000000000003,73.75000000000001,39.5,23.431818181818187,116.36889332003989,600.6111665004985,0.0,0.0,0.0
2114,2020-07-12 09:09:08,44.21875000000001,85.0,193.00000000000003,4.500000000000001,76.25000000000003,24.084745762711872,115.81563126252506,401.4338677354709,0.0,41.04609218436874,171.58517034068137
2115,2020-07-12 09:09:09,50.0,44.48863636363636,89.5,,,40.00000000000001,0.0,557.6022044088177,0.0,0.0,0.0
2116,2020-07-12 09:09:10,96.42857142857153,68.46153846153847,205.00000000000003,4.500000000000001,4.500000000000001,34.99999999999999,0.0,469.07092907092914,0.0,0.0,0.0
2117,2020-07-12 09:09:11,23.85294117647059,192.22222222222229,96.66666666666669,27.50000000000004,52.50000000000004,23.53571428571429,218.976,332.908,9.48,0.0,390.573
2118,2020-07-12 09:09:12,20.85714285714286,64.11764705882354,91.25,4.500000000000001,4.500000000000001,27.34375000000001,0.0,440.3175074183977,0.0,0.0,0.8575667655786351
2119,2020-07-12 09:09:13,24.361702127659576,30.178571428571438,129.99999999999997,4.749999999999999,52.49999999999999,22.899999999999995,158.10642570281124,513.3052208835342,0.0,0.0,101.09939759036145
2120,2020-07-12 09:09:14,23.071428571428566,84.37500000000001,85.83333333333333,4.821428571428572,55.00000000000003,25.833333333333343,169.26190476190476,338.17757936507934,0.0,0.0,0.0
2121,2020-07-12 09:09:15,34.25925925925926,136.52173913043495,93.0,4.500000000000001,4.500000000000001,55.952380952381,6.108629441624365,588.0030456852792,0.0,0.0,883.874111675127
2122,2020-07-12 09:09:16,38.15217391304348,37.50000000000002,140.00000000000003,4.500000000000001,7.749999999999999,41.44736842105265,11.693838862559241,461.15639810426546,0.1943127962085308,0.0,0.0
2123,2020-07-12 09:09:17,29.705882352941185,23.54918032786886,175.0,78.0,4.95,23.59259259259259,83.91851851851852,226.12275132275133,0.0,0.0,0.0
2124,2020-07-12 09:09:18,23.62857142857143,21.21590909090909,227.5,4.500000000000001,182.5,27.69230769230771,122.54328358208957,572.3651741293532,0.0,42.34825870646766,191.8398009950249
2125,2020-07-12 09:09:19,20.918604651162795,20.75,80.00000000000001,4.500000000000001,14.125000000000005,38.225806451612904,0.0,173.1303060217177,0.0,0.0,0.0
2126,2020-07-12 09:09:20,35.0,86.94444444444446,210.00000000000003,4.500000000000001,86.66666666666667,23.20000000000001,0.0,524.8217922606924,0.0,0.0,0.0
2127,2020-07-12 09:09:21,31.375000000000007,77.22222222222223,215.71428571428575,4.500000000000001,29.99999999999995,35.11904761904762,97.97302697302698,519.3056943056944,9.710289710289711,0.0,364.2287712287712
2128,2020-07-12 09:09:22,39.31818181818183,28.750000000000018,47.16666666666667,4.500000000000001,60.00000000000004,25.33333333333331,0.0,307.6506506506507,0.0,0.0,0.0
2129,2020-07-12 09:09:23,41.77083333333334,55.31250000000006,175.0,4.500000000000001,14.499999999999998,143.92857142857153,229.191,583.515,0.0,0.0,129.133
2130,2020-07-12 09:09:24,24.026315789473685,22.95744680851064,90.00000000000001,4.5,4.500000000000001,37.67857142857144,190.36454183266932,505.06772908366537,0.0,0.0,0.0
2131,2020-07-12 09:09:25,45.241935483870954,23.857142857142858,90.00000000000001,26.666666666666668,4.846153846153847,39.21052631578952,33.960804020100504,551.7015075376885,0.0,0.0,887.3366834170854
2132,2020-07-12 09:09:26,43.076923076923094,26.617647058823515,178.00000000000009,4.5,4.5,44.26136363636363,0.0,433.188770571152,0.19845111326234272,0.0,0.0
2133,2020-07-12 09:09:27,45.27027027027028,63.000000000000014,95.00000000000001,4.846153846153847,33.74999999999999,33.392857142857146,67.7042399172699,517.7931747673216,0.0,0.0,0.0
2134,2020-07-12 09:09:28,24.589041095890412,41.96428571428573,88.33333333333334,4.5,4.909090909090909,38.333333333333336,150.3221010901883,553.7205153617443,0.0,41.91674925668979,91.53320118929635
2135,2020-07-12 09:09:29,24.05263157894737,30.35714285714289,97.72727272727273,4.821428571428572,4.86,44.71774193548387,0.0,150.5405138339921,0.0,0.0,0.0
2136,2020-07-12 09:09:30,66.0869565217391,21.8090909090909,230.0,90.00000000000001,4.500000000000001,32.85714285714288,0.0,499.1243781094528,0.0,0.0,0.0
2137,2020-07-12 09:09:31,23.439999999999998,24.085365853658544,46.25,80.00000000000001,4.500000000000001,43.64285714285717,44.78738555442523,450.42929806714136,9.399796541200407,0.008138351983723298,326.2685656154629
2138,2020-07-12 09:09:32,27.166666666666647,22.105263157894747,227.5,67.50000000000003,21.500000000000004,44.632352941176464,0.0,261.2721774193549,0.0,0.0,0.0
2139,2020-07-12 09:09:33,35.714285714285715,83.08823529411765,130.00000000000003,4.500000000000001,4.90909090909091,74.7826086956522,342.84272997032645,625.1879327398616,0.0,0.0,200.61918892185957
2140,2020-07-12 09:09:34,34.33333333333335,58.000000000000014,91.42857142857144,4.673076923076923,4.673076923076923,45.05813953488372,165.53884964682138,386.6074672048436,0.0,0.0,0.0
2141,2020-07-12 09:09:35,34.5,183.82352941176478,92.22222222222223,8.500000000000007,67.50000000000003,24.804347826086964,6.970029970029971,350.972027972028,0.0,0.0,877.8691308691309
2142,2020-07-12 09:09:36,28.541666666666668,21.571428571428577,189.99999999999994,4.500000000000001,4.500000000000001,34.58333333333333,0.0,684.9519038076153,0.20541082164328656,0.0,0.0
2143,2020-07-12 09:09:37,29.85294117647058,25.83333333333332,197.5,60.00000000000001,4.500000000000001,31.38888888888889,15.598598598598599,363.82382382382383,0.0,0.0,0.0
2144,2020-07-12 09:09:38,23.18681318681319,67.72727272727275,200.0,4.500000000000001,7.00000000000001,45.62499999999996,183.35735735735736,303.54654654654655,0.0,41.53753753753754,134.23923923923925
2145,2020-07-12 09:09:39,84.33333333333334,22.166666666666668,122.50000000000001,4.800000000000001,4.687500000000001,29.375000000000004,0.0,671.8651348651349,0.0,0.0,0.0
2146,2020-07-12 09:09:40,182.25806451612902,87.39130434782611,197.50000000000006,4.846153846153847,4.500000000000001,70.76923076923079,0.0,447.902,0.0,0.0,0.0
2147,2020-07-12 09:09:41,38.25000000000001,31.91176470588234,47.0,5.0,86.25,24.961538461538467,77.55882352941177,171.44313725490196,9.529411764705882,0.0,369.3107843137255
2148,2020-07-12 09:09:42,31.500000000000014,40.390625,55.00000000000006,4.909090909090909,4.909090909090909,38.65853658536586,0.0,489.005005005005,0.0,0.0,68.31531531531532
2149,2020-07-12 09:09:43,25.416666666666675,21.776595744680854,44.166666666666664,4.500000000000001,6.249999999999998,26.363636363636356,239.8623853211009,393.98165137614683,0.0,0.0,75.09378185524974
2150,2020-07-12 09:09:44,22.610169491525426,21.74137931034484,80.0,4.500000000000001,5.750000000000001,34.0,206.30945558739256,466.27411652340027,0.0,0.0,0.0
2151,2020-07-12 09:09:45,38.33333333333333,33.125000000000014,77.50000000000003,4.500000000000001,4.500000000000001,35.000000000000014,1.8373557187827911,411.6516264428122,0.0,0.0,857.0472193074502
2152,2020-07-12 09:09:46,,,,,,,0.0,0.0,0.20479520479520483,0.0,0.0
2153,2020-07-12 09:09:47,78.00000000000001,48.25,,,,90.00000000000001,6.574574574574575,63.048048048048045,0.0,0.0,0.0
2154,2020-07-12 09:09:48,,,,,,,169.109,0.0,0.0,32.186,142.935
2155,2020-07-12 09:09:49,126.25000000000009,65.00000000000003,95.0,87.5,75.0,48.26086956521739,0.0,224.52371541501978,0.0,0.0,0.0
2156,2020-07-12 09:09:50,206.9811320754717,183.68421052631584,222.49999999999997,,,63.333333333333336,0.0,418.5196770938446,0.0,0.0,0.0
2157,2020-07-12 09:09:51,44.125,228.0,240.35714285714286,17.500000000000018,24.5,56.19047619047617,86.54954954954955,363.7717717717718,5.105105105105105,0.0,179.80180180180182
2158,2020-07-12 09:09:52,35.00000000000001,187.08333333333331,182.50000000000006,8.333333333333334,35.00000000000004,46.000000000000014,0.0,328.79092702169623,0.0,0.0,94.96055226824457
2159,2020-07-12 09:09:53,24.749999999999996,134.68749999999994,202.0,76.66666666666666,7.250000000000001,44.17910447761195,171.8193612774451,227.85928143712576,0.0,0.0,17.727544910179642
2160,2020-07-12 09:09:54,38.40909090909093,91.75000000000003,223.00000000000003,88.0,19.750000000000018,21.423076923076927,77.9663608562691,208.2599388379205,0.0,0.0,0.0
2161,2020-07-12 09:09:55,30.89285714285715,93.79310344827587,130.00000000000017,4.500000000000001,75.00000000000003,23.32,64.53046953046953,666.965034965035,0.0,0.0,452.4565434565435
2162,2020-07-12 09:09:56,134.16666666666669,187.32142857142858,212.50000000000003,4.736842105263158,8.625000000000004,151.2903225806451,0.0,291.65028901734104,0.197495183044316,0.0,0.0
2163,2020-07-12 09:09:57,43.25581395348837,89.47368421052632,97.5,4.95,25.0,24.285714285714292,5.1923076923076925,190.5997920997921,0.0,0.0,0.0
2164,2020-07-12 09:09:58,43.12500000000005,94.48275862068965,100.0,4.500000000000001,9.500000000000002,39.666666666666686,125.00197238658778,585.3688362919132,0.0,32.52859960552268,108.00197238658778
2165,2020-07-12 09:09:59,40.833333333333336,86.08695652173913,70.00000000000003,,,45.9375,0.0,229.9178498985801,0.0,0.0,0.0
2166,2020-07-12 09:10:00,,,,,,,0.0,9.681954137587239,0.0,0.0,0.0
2167,2020-07-12 09:10:01,97.1875,81.25000000000001,220.0,75.00000000000001,60.00000000000004,49.253246753246756,15.126773888363294,164.4295175023652,7.719962157048251,0.0,269.9829706717124
2168,2020-07-12 09:10:02,230.45454545454547,228.29787234042556,235.00000000000003,91.87500000000001,75.00000000000001,89.16666666666669,0.0,118.02094240837697,0.0,0.0,0.0
2169,2020-07-12 09:10:03,47.900000000000006,149.61538461538453,235.00000000000003,,,75.00000000000001,208.2559760956175,414.49900398406373,0.0,0.0,106.9691235059761
2170,2020-07-12 09:10:04,36.02941176470587,182.75862068965517,233.49999999999997,8.624999999999998,23.0,49.61038961038962,123.01020408163266,409.87551020408165,0.0,0.0,0.0
2171,2020-07-12 09:10:05,22.81818181818182,148.1250000000001,233.5,45.909090909090914,38.75,34.58333333333336,58.008,448.867,0.0,0.0,706.264
2172,2020-07-12 09:10:06,24.692307692307693,161.578947368421,230.3846153846154,49.791666666666664,18.7,46.97674418604651,0.0,439.4700772200772,0.1978764478764479,0.0,0.0
2173,2020-07-12 09:10:07,165.99999999999997,184.37500000000003,1150.0000000000007,4.500000000000001,40.83333333333333,123.07692307692315,57.7419689119171,216.2,0.0,0.0,0.0
2174,2020-07-12 09:10:08,58.000000000000036,215.17857142857147,223.00000000000003,38.750000000000014,60.00000000000001,144.0000000000001,88.90818363273453,233.03393213572855,0.0,28.405189620758485,109.91616766467067
2175,2020-07-12 09:10:09,87.31481481481482,89.05405405405406,232.6923076923077,64.99999999999997,73.74999999999999,61.50000000000003,0.0,552.3329989969909,0.0,0.0,0.0
2176,2020-07-12 09:10:10,64.99999999999999,89.21875000000001,96.0,4.500000000000001,11.499999999999984,42.803030303030326,0.0,306.42557442557444,0.0,0.0,0.0
2177,2020-07-12 09:10:11,23.942622950819676,99.21875000000001,49.72222222222223,13.000000000000016,4.500000000000001,44.89130434782608,64.98648648648648,621.2635135135135,7.760617760617761,0.0,364.58590733590734
2178,2020-07-12 09:10:12,73.21428571428575,95.96774193548389,218.33333333333331,79.00000000000003,65.00000000000006,181.52173913043484,0.0,315.1307929969104,0.0,0.0,0.0
2179,2020-07-12 09:10:13,49.14473684210527,217.89999999999998,93.00000000000001,,,112.69230769230779,284.6391959798995,361.48844221105526,0.0,0.0,253.92261306532666
2180,2020-07-12 09:10:14,38.00000000000003,156.25000000000003,47.5,4.5,18.249999999999996,46.27777777777779,160.5718503937008,412.6692913385827,0.0,0.0,0.0
2181,2020-07-12 09:10:15,76.94444444444447,189.5,224.0909090909091,4.500000000000001,4.973684210526317,69.75,39.07543323139654,418.62079510703364,0.0,0.0,677.1794087665648
2182,2020-07-12 09:10:16,21.625,180.0,115.00000000000013,8.875000000000002,52.5,38.96551724137931,0.0,429.61660079051387,0.2025691699604743,0.0,0.0
2183,2020-07-12 09:10:17,85.60606060606061,86.0810810810811,220.0,,,41.0,45.494450050454084,366.07870837537837,0.0,0.0,0.0
2184,2020-07-12 09:10:18,120.29411764705898,217.3529411764706,99.13043478260869,4.500000000000001,65.0,40.57142857142857,174.84922178988327,232.8385214007782,0.0,37.260700389105054,91.71692607003891
2185,2020-07-12 09:10:19,43.90625000000001,87.26415094339626,80.00000000000001,26.249999999999996,11.499999999999995,41.630434782608724,0.0,428.21030927835056,0.0,0.0,0.0
2186,2020-07-12 09:10:20,75.90909090909092,135.0,187.00000000000006,6.749999999999998,78.00000000000001,50.0,0.0,412.494,0.0,0.0,0.0
2187,2020-07-12 09:10:21,39.523809523809526,151.99999999999997,49.23076923076923,4.500000000000001,6.000000000000012,39.72222222222223,56.345098039215685,358.43529411764706,9.0,0.0,267.1598039215686
2188,2020-07-12 09:10:22,23.205357142857146,98.81578947368423,169.99999999999997,,,30.500000000000007,0.0,437.953013278856,0.0,0.0,0.0
2189,2020-07-12 09:10:23,41.607142857142875,196.0,205.00000000000003,75.00000000000001,8.428571428571429,67.03703703703711,287.0929070929071,228.25274725274727,0.0,0.0,148.3906093906094
2190,2020-07-12 09:10:24,28.333333333333318,132.72727272727275,95.0,7.500000000000005,70.00000000000003,38.63636363636365,181.69714847590956,525.9016715830875,0.0,0.0,0.0
2191,2020-07-12 09:10:25,25.0,96.80000000000003,99.44444444444444,36.25,16.749999999999996,47.32758620689654,15.574338085539715,418.96537678207744,0.0,0.0,874.8818737270876
2192,2020-07-12 09:10:26,24.08695652173913,224.99999999999997,84.16666666666667,4.500000000000001,9.750000000000004,39.25925925925927,0.0,415.36663336663344,0.20479520479520483,0.0,0.0
2193,2020-07-12 09:10:27,29.807692307692328,125.38461538461546,182.5,4.500000000000001,30.00000000000003,61.333333333333336,4.121878121878122,346.03196803196806,0.0,0.0,0.0
2194,2020-07-12 09:10:28,38.225806451612904,214.6153846153846,93.92857142857144,4.725,65.0,44.93589743589745,283.8368368368368,297.8048048048048,0.0,42.33633633633634,202.44844844844843
2195,2020-07-12 09:10:29,23.815789473684212,159.24999999999994,93.33333333333334,4.500000000000001,52.50000000000001,23.66304347826087,0.0,457.36836836836835,0.0,0.0,0.0
2196,2020-07-12 09:10:30,31.25,126.66666666666681,175.0,4.973684210526317,65.00000000000004,38.970588235294116,0.0,445.346,0.0,0.0,0.0
2197,2020-07-12 09:10:31,48.359375,96.80555555555556,175.0,,,47.2,0.2019704433497537,416.37733990147785,9.458128078817735,0.00788177339901478,263.7487684729064
2198,2020-07-12 09:10:32,39.274193548387096,115.8823529411765,95.0,68.33333333333334,4.750000000000001,40.87209302325583,0.0,300.5730223123732,0.0,0.0,0.0
2199,2020-07-12 09:10:33,81.8,232.5,235.00000000000003,87.50000000000001,5.0,40.90909090909089,225.87887887887888,385.2252252252252,0.0,0.0,191.36136136136136
2200,2020-07-12 09:10:34,71.53846153846159,96.0144927536232,220.0,80.00000000000003,8.333333333333336,82.30769230769234,194.04965243296925,418.3495531281033,0.0,0.0,0.0
2201,2020-07-12 09:10:35,89.28571428571429,92.96875,96.66666666666669,17.500000000000014,5.000000000000009,47.74193548387096,42.60201005025126,375.15075376884425,0.0,0.0,881.6251256281407
2202,2020-07-12 09:10:36,23.893442622950825,87.02127659574468,221.15384615384616,80.00000000000001,81.0,38.870967741935495,0.0,468.1162561576355,0.2019704433497537,0.0,0.0
2203,2020-07-12 09:10:37,38.33333333333333,84.7058823529412,190.0,85.00000000000001,70.00000000000003,40.277777777777786,0.0,398.4584178498986,0.0,0.0,0.0
2204,2020-07-12 09:10:38,73.12500000000003,172.50000000000014,312.50000000000006,20.499999999999996,107.49999999999983,58.12499999999996,260.1138370951914,348.1648675171738,0.0,42.027477919528955,137.51030421982335
2205,2020-07-12 09:10:39,167.77777777777777,213.6065573770492,93.75000000000001,4.500000000000001,6.000000000000005,35.74999999999998,0.0,270.0498474059003,0.0,0.0,0.0
2206,2020-07-12 09:10:40,23.850649350649352,87.80000000000001,96.15384615384616,5.5,45.00000000000001,72.29166666666673,0.0,394.3577889447236,0.0,0.0,0.0
2207,2020-07-12 09:10:41,64.52380952380956,176.2500000000001,230.3846153846154,4.909090909090909,37.50000000000003,37.142857142857146,36.47992164544565,345.85994123408426,9.10871694417238,0.0,468.24094025465234
2208,2020-07-12 09:10:42,24.5,153.25000000000006,205.00000000000006,39.37500000000001,83.75000000000001,42.999999999999986,0.0,476.8584521384929,0.0,0.0,0.0
2209,2020-07-12 09:10:43,73.69565217391305,230.20000000000007,122.50000000000001,4.75,4.500000000000001,76.03448275862071,267.21543086172346,379.8066132264529,0.0,0.0,260.2995991983968
2210,2020-07-12 09:10:44,42.2,92.67605633802816,150.0,4.973684210526317,9.875000000000002,42.00000000000001,168.974,457.678,0.0,0.0,0.0
2211,2020-07-12 09:10:45,43.500000000000036,192.72727272727275,87.50000000000003,8.5,80.00000000000001,43.30357142857143,11.854145854145855,417.99800199800205,0.0,0.0,586.5134865134866
2212,2020-07-12 09:10:46,73.00000000000003,200.3125,100.00000000000027,52.50000000000002,65.00000000000003,33.47826086956521,0.0,328.5904095904096,0.20479520479520483,0.0,0.0
2213,2020-07-12 09:10:47,35.703125,90.79365079365078,199.375,4.5,57.49999999999999,28.499999999999996,2.056491575817642,372.9851337958375,0.0,0.0,0.0
2214,2020-07-12 09:10:48,149.41176470588243,170.9090909090909,190.00000000000003,4.500000000000001,10.749999999999986,24.313253012048197,208.09817813765181,516.5334008097166,0.0,42.80769230769231,218.2580971659919
2215,2020-07-12 09:10:49,23.014705882352946,221.94444444444446,165.00000000000003,66.66666666666671,17.50000000000003,39.926470588235304,0.0,410.43731490621917,0.0,0.0,0.0
2216,2020-07-12 09:10:50,73.39285714285717,92.54545454545455,99.99999999999996,4.5,49.99999999999997,23.95,0.0,396.469160768453,0.0,0.0,0.0
2217,2020-07-12 09:10:51,58.214285714285744,186.47058823529417,193.00000000000006,,,37.50000000000001,41.20477137176938,435.42445328031806,9.662027833001988,0.0,386.1769383697813
2218,2020-07-12 09:10:52,66.42857142857144,84.77272727272728,235.00000000000003,75.00000000000001,5.0,98.82352941176467,0.0,212.6696878147029,0.0,0.0,0.0
2219,2020-07-12 09:10:53,224.2857142857143,93.60000000000001,95.0,,,23.400000000000002,281.31,0.0,0.0,0.0,276.441
2220,2020-07-12 09:10:54,47.15277777777778,92.50000000000001,275.00000000000017,4.500000000000001,4.500000000000001,50.62499999999999,200.82827324478177,137.76755218216317,0.0,0.0,0.0
2221,2020-07-12 09:10:55,104.28571428571429,222.90322580645162,95.0,4.750000000000001,25.0,185.9615384615385,23.92389006342495,284.2970401691332,0.0,0.0,575.0105708245244
2222,2020-07-12 09:10:56,30.833333333333478,138.8235294117646,215.00000000000003,5.500000000000009,76.25000000000001,98.84615384615387,0.0,386.1868787276342,0.20377733598409542,0.0,0.0
2223,2020-07-12 09:10:57,194.5833333333334,91.86046511627906,230.7142857142857,,,35.65789473684211,18.82164328657315,402.8086172344689,0.0,0.0,0.0
2224,2020-07-12 09:10:58,41.011904761904766,227.37288135593224,100.0,90.00000000000001,55.00000000000008,65.40000000000003,111.76529588766299,359.0160481444333,0.0,33.08324974924774,138.7753259779338
2225,2020-07-12 09:10:59,36.944444444444414,93.19148936170212,95.0,4.714285714285714,7.999999999999998,21.88461538461539,0.0,370.52841475573285,0.0,0.0,0.0
2226,2020-07-12 09:11:00,37.40384615384616,205.76923076923077,209.2857142857143,31.66666666666666,32.500000000000014,54.25000000000002,0.0,302.52091633466136,0.0,0.0,0.0
2227,2020-07-12 09:11:01,40.0,89.24242424242425,211.42857142857144,4.500000000000001,81.0,49.74137931034481,67.54892367906066,311.36497064579254,7.162426614481409,0.0,312.9843444227006
2228,2020-07-12 09:11:02,51.315789473684156,98.09278350515463,92.5,,,66.57894736842107,0.0,301.400789733465,0.0,0.0,93.18657453109576
2229,2020-07-12 09:11:03,79.54545454545456,99.04761904761905,129.99999999999997,4.909090909090909,8.999999999999998,28.035714285714274,267.2089397089397,457.56237006237006,0.0,0.0,25.85031185031185
2230,2020-07-12 09:11:04,67.3529411764706,88.64583333333334,185.0,73.33333333333331,9.000000000000002,33.15789473684211,144.23115577889448,404.991959798995,0.0,0.0,0.0
2231,2020-07-12 09:11:05,41.64634146341463,199.0,197.5,,,63.823529411764696,46.67467467467467,309.36036036036035,0.0,0.0,850.894894894895
2232,2020-07-12 09:11:06,38.94230769230772,90.2542372881356,60.00000000000014,74.00000000000003,4.875000000000001,26.749999999999975,0.0,459.95214356929216,0.20438683948155537,0.0,0.0
2233,2020-07-12 09:11:07,36.785714285714306,101.15384615384642,205.00000000000003,4.500000000000001,8.600000000000001,41.625000000000014,63.436873747494985,430.50400801603206,0.0,0.0,0.0
2234,2020-07-12 09:11:08,43.12499999999997,96.58730158730158,90.33333333333334,4.68,4.875000000000001,42.91666666666667,113.84384384384384,390.998998998999,0.0,42.07007007007007,64.94394394394395
2235,2020-07-12 09:11:09,36.6304347826087,167.5,160.00000000000006,4.500000000000001,32.5,36.70454545454545,0.0,445.644,0.0,0.0,0.0
2236,2020-07-12 09:11:10,34.47368421052632,216.57894736842107,220.0,,,47.82894736842106,0.0,378.00298804780874,0.0,0.0,0.0
2237,2020-07-12 09:11:11,39.82142857142859,138.99999999999994,145.00000000000037,42.222222222222214,9.000000000000002,39.318181818181834,66.76546906187626,394.88223552894215,9.580838323353293,0.0,312.1027944111776
2238,2020-07-12 09:11:12,38.70689655172414,94.64788732394368,220.0,4.909090909090909,4.500000000000001,43.05555555555554,0.0,388.36119402985076,0.0,0.0,0.0
2239,2020-07-12 09:11:13,27.66666666666666,95.81395348837209,97.18750000000001,23.071428571428577,7.583333333333334,49.730769230769226,236.8701298701299,465.7392607392608,0.0,0.0,123.68631368631371
2240,2020-07-12 09:11:14,29.46428571428573,45.000000000000014,114.99999999999997,4.5,80.00000000000001,29.038461538461533,305.360970677452,440.47927199191105,0.0,0.0,0.0
2241,2020-07-12 09:11:15,38.33333333333334,87.0,130.00000000000009,4.500000000000001,6.500000000000001,43.23529411764707,20.807881773399018,302.15369458128083,0.0,0.0,1063.2423645320198
2242,2020-07-12 09:11:16,52.22222222222213,151.25000000000006,198.57142857142858,41.66666666666667,34.16666666666669,46.89393939393939,0.0,458.205076142132,0.20812182741116753,0.0,0.0
2243,2020-07-12 09:11:17,192.22222222222229,208.00000000000003,220.0,4.5,4.5,193.28125000000003,55.76746506986028,370.0189620758483,0.0,0.0,0.0
2244,2020-07-12 09:11:18,38.7878787878788,148.91304347826087,97.94117647058825,,4.500000000000001,45.23809523809524,104.664,348.413,0.0,42.294,166.124
2245,2020-07-12 09:11:19,23.272727272727277,183.65384615384616,224.28571428571428,75.00000000000001,8.583333333333334,43.428571428571445,0.0,481.6402805611222,0.0,0.0,0.0
2246,2020-07-12 09:11:20,42.765957446808514,98.24074074074076,226.42857142857142,5.0,75.00000000000001,46.42857142857144,0.0,509.24224224224224,0.0,0.0,0.0
2247,2020-07-12 09:11:21,32.00000000000001,94.20000000000003,198.57142857142856,67.50000000000003,56.666666666666714,36.328125,84.4935064935065,143.64035964035963,8.511488511488512,0.0,237.97902097902102
2248,2020-07-12 09:11:22,182.75862068965517,220.0,247.00000000000003,8.999999999999998,78.33333333333337,24.29166666666667,0.0,467.5724275724276,0.0,0.0,0.0
2249,2020-07-12 09:11:23,32.49999999999999,82.09302325581395,45.00000000000001,4.500000000000001,72.50000000000001,80.88235294117646,217.31731731731733,431.15715715715714,0.0,0.0,114.2072072072072
2250,2020-07-12 09:11:24,24.18181818181819,92.80000000000001,227.14285714285714,8.750000000000002,9.125000000000002,47.32758620689656,236.67067067067066,491.58058058058054,0.0,0.0,0.0
2251,2020-07-12 09:11:25,32.941176470588246,88.97727272727272,92.00000000000001,4.5,14.499999999999995,51.00000000000002,27.230616302186878,468.56560636182905,0.0,0.0,870.1192842942346
2252,2020-07-12 09:11:26,23.02083333333334,116.99999999999997,91.15384615384617,4.500000000000001,4.500000000000001,44.20731707317074,0.0,353.78614457831327,0.20582329317269077,0.0,0.0
2253,2020-07-12 09:11:27,24.385000000000005,248.07692307692307,94.33333333333334,32.500000000000014,4.704545454545454,35.21739130434781,47.31731731731732,373.55555555555554,0.0,0.0,0.0
2254,2020-07-12 09:11:28,26.590909090909076,85.89743589743591,92.50000000000001,42.50000000000001,4.500000000000001,41.964285714285715,137.59171597633136,205.98816568047337,0.0,40.39842209072979,157.79289940828403
2255,2020-07-12 09:11:29,40.69444444444445,144.99999999999997,232.6,68.0,60.0,49.785714285714285,0.0,709.102434077079,0.0,0.0,0.0
2256,2020-07-12 09:11:30,22.86363636363637,166.11111111111117,130.00000000000017,43.333333333333336,30.00000000000003,32.04545454545453,0.0,390.47852147852154,0.0,0.0,0.0
2257,2020-07-12 09:11:31,23.726744186046513,209.05405405405415,93.33333333333336,,,43.86363636363637,54.175350701402806,401.74549098196394,9.679358717434871,0.008016032064128256,348.01202404809624
2258,2020-07-12 09:11:32,37.08333333333333,219.54545454545453,225.0,35.00000000000001,14.000000000000004,40.403225806451616,0.0,326.462,0.0,0.0,0.0
2259,2020-07-12 09:11:33,41.222222222222214,216.25,220.0,4.500000000000001,86.66666666666667,40.8695652173913,214.98909811694747,362.11000991080283,0.0,0.0,70.2378592666006
2260,2020-07-12 09:11:34,33.8888888888889,161.3636363636364,94.16666666666669,20.499999999999996,8.57142857142857,43.068181818181834,209.1743027888446,307.43127490039836,0.0,0.0,0.0
2261,2020-07-12 09:11:35,24.881188118811885,89.90384615384616,48.75000000000001,5.500000000000007,4.500000000000001,41.19565217391305,54.46457489878542,467.68724696356276,0.0,0.0,779.8208502024291
2262,2020-07-12 09:11:36,26.590909090909097,84.30000000000001,195.00000000000006,4.500000000000001,4.500000000000001,47.20000000000002,0.0,482.76237623762376,0.20297029702970298,0.0,0.0
2263,2020-07-12 09:11:37,38.62500000000001,87.11538461538463,225.76923076923077,4.5,7.750000000000007,62.72727272727274,83.59031281533804,403.1099899091827,0.0,0.0,0.0
2264,2020-07-12 09:11:38,24.011363636363644,210.8823529411765,227.5,54.99999999999999,88.75000000000001,22.935064935064933,137.56973293768547,479.44609297725026,0.0,42.09693372898121,255.8447082096934
2265,2020-07-12 09:11:39,22.9078947368421,83.80952380952381,206.66666666666666,4.500000000000001,4.500000000000001,23.875,0.0,199.53360080240722,0.0,0.0,0.0
2266,2020-07-12 09:11:40,24.07692307692308,97.59615384615387,228.33333333333334,46.13636363636364,63.750000000000014,23.047169811320767,0.0,460.539156626506,0.0,0.0,0.0
2267,2020-07-12 09:11:41,24.10714285714286,93.06451612903226,223.75,4.500000000000001,80.0,24.271428571428576,77.8140703517588,630.483417085427,9.226130653266331,0.0,419.63216080402015
2268,2020-07-12 09:11:42,36.07142857142862,84.68750000000001,222.5,42.1875,35.83333333333336,39.2763157894737,0.0,371.1699604743083,0.0,0.0,0.0
2269,2020-07-12 09:11:43,26.04166666666669,210.68965517241384,98.75,8.166666666666666,22.75,39.28571428571433,245.83568548387098,579.7358870967741,0.0,0.0,92.99092741935483
2270,2020-07-12 09:11:44,83.50000000000001,184.5454545454546,23.5,4.500000000000001,,21.325000000000003,211.6867469879518,58.50803212851406,0.0,0.0,0.0
2271,2020-07-12 09:11:45,89.37499999999999,167.49999999999997,95.0,,,169.28571428571422,36.09082568807339,56.50366972477064,0.0,0.0,660.6064220183486
2272,2020-07-12 09:11:46,200.71428571428567,216.47058823529414,235.00000000000003,22.500000000000004,7.500000000000003,213.57142857142858,0.0,105.01583949313623,0.21647307286166845,0.0,0.0
2273,2020-07-12 09:11:47,95.43478260869566,226.42857142857142,235.00000000000003,46.07142857142857,31.66666666666666,182.5,60.49637305699483,44.90051813471503,0.0,0.0,0.0
2274,2020-07-12 09:11:48,60.74999999999998,160.60000000000008,227.49999999999994,18.500000000000004,9.785714285714286,157.85714285714292,116.02106318956871,442.4112337011033,0.0,31.74924774322969,175.10732196589768
2275,2020-07-12 09:11:49,182.1052631578947,212.1428571428572,227.5,88.33333333333334,65.0,202.49999999999997,0.0,334.37862137862146,0.0,0.0,0.0
2276,2020-07-12 09:11:50,24.7890625,210.78947368421055,291.6666666666669,80.83333333333336,170.00000000000003,40.36585365853658,0.0,456.92392392392395,0.0,0.0,0.0
2277,2020-07-12 09:11:51,45.340909090909086,93.75,152.50000000000003,,4.500000000000001,34.0,23.56972111553785,358.10059760956176,7.111553784860559,0.0,165.08167330677293
2278,2020-07-12 09:11:52,43.870967741935495,188.00000000000006,216.6666666666667,57.50000000000002,30.000000000000014,35.39999999999999,0.0,350.54864593781343,0.0,0.0,0.0
2279,2020-07-12 09:11:53,24.121951219512194,82.50000000000001,223.75,44.16666666666667,22.000000000000004,40.43478260869567,258.8138138138138,422.7837837837838,0.0,0.0,172.6156156156156
2280,2020-07-12 09:11:54,167.99999999999997,198.37209302325587,232.85714285714286,45.833333333333336,8.5,74.80000000000001,219.85014985014988,387.25774225774234,0.0,0.0,0.0
2281,2020-07-12 09:11:55,27.499999999999996,148.40909090909102,187.5,182.5,12.250000000000005,58.99999999999999,41.572854291417165,462.27245508982037,0.0,0.0,720.5079840319362
2282,2020-07-12 09:11:56,22.499999999999993,88.74999999999999,201.24999999999997,67.5,67.5,51.81818181818184,0.0,393.09218436873743,0.20541082164328656,0.0,0.0
2283,2020-07-12 09:11:57,45.303030303030305,145.93750000000003,182.50000000000003,,,85.49999999999999,37.450450450450454,382.92292292292296,0.0,0.0,0.0
2284,2020-07-12 09:11:58,32.857142857142875,129.99999999999986,114.99999999999986,55.000000000000036,5.750000000000004,38.26923076923078,76.25574425574428,344.10189810189814,0.0,35.608391608391614,175.94405594405595
2285,2020-07-12 09:11:59,34.64285714285714,233.0909090909091,233.84615384615384,93.5,15.25000000000001,80.0,0.0,479.7317317317317,0.0,0.0,0.0
2286,2020-07-12 09:12:00,22.857142857142854,141.5384615384616,90.00000000000003,35.83333333333334,16.500000000000004,35.666666666666664,0.0,390.6843156843157,0.0,0.0,0.0
2287,2020-07-12 09:12:01,24.50609756097561,95.76086956521739,226.81818181818184,,,55.9090909090909,37.402,451.076,9.6,0.0,113.597
2288,2020-07-12 09:12:02,40.67307692307693,95.52631578947368,87.85714285714288,90.71428571428572,9.785714285714286,42.297297297297305,0.0,390.12574850299404,0.0,0.0,0.0
2289,2020-07-12 09:12:03,23.57894736842106,98.3898305084746,222.14285714285714,4.725,4.725,35.33333333333334,213.96329365079364,456.3640873015873,0.0,0.0,334.265873015873
2290,2020-07-12 09:12:04,28.07692307692309,101.50000000000013,99.0,84.1666666666667,9.4375,37.20000000000001,185.54108216432866,428.8426853707415,0.0,0.0,0.0
2291,2020-07-12 09:12:05,93.125,353.3333333333332,230.0,76.25000000000001,54.999999999999964,47.155172413793125,105.11705348133198,349.7749747729566,0.0,0.0,975.7598385469223
2292,2020-07-12 09:12:06,34.1176470588235,98.59154929577466,207.50000000000003,85.0,8.5,32.291666666666664,0.0,404.00589970501477,0.20157325467059983,0.0,0.0
2293,2020-07-12 09:12:07,85.93750000000001,151.4285714285715,205.00000000000003,,,37.60869565217392,48.71341463414634,404.3577235772358,0.0,0.0,0.0
2294,2020-07-12 09:12:08,85.41666666666669,201.07142857142856,215.71428571428572,85.00000000000001,23.50000000000004,24.769230769230774,179.88877855014897,426.3743793445879,0.0,44.11320754716982,190.70109235352533
2295,2020-07-12 09:12:09,28.00000000000001,96.00000000000001,233.75,84.16666666666667,88.12500000000001,31.718750000000018,0.0,313.1891348088531,0.0,0.0,0.0
2296,2020-07-12 09:12:10,43.35526315789474,202.1428571428571,96.0,41.66666666666667,55.00000000000001,46.21527777777778,0.0,352.68168168168165,0.0,0.0,0.0
2297,2020-07-12 09:12:11,44.891304347826086,99.41176470588236,96.66666666666667,4.7368421052631575,8.166666666666671,40.925925925925945,69.094,476.754,8.94,0.0,203.217
2298,2020-07-12 09:12:12,76.8421052631579,84.99999999999999,221.875,54.99999999999995,90.0,33.57142857142857,0.0,424.39460539460543,0.0,0.0,0.0
2299,2020-07-12 09:12:13,45.90909090909093,74.4230769230769,130.0000000000001,4.736842105263158,7.25,45.32608695652175,291.85985985985985,473.81081081081084,0.0,0.0,205.23723723723725
2300,2020-07-12 09:12:14,41.1046511627907,93.86363636363637,98.12500000000001,9.000000000000002,9.750000000000002,36.33333333333336,165.785,370.993,0.0,0.0,0.0
2301,2020-07-12 09:12:15,202.85714285714283,225.2777777777778,90.5,4.500000000000001,34.99999999999999,52.50000000000002,29.768231768231768,142.24575424575428,0.0,0.0,826.7932067932069
2302,2020-07-12 09:12:16,27.884615384615397,148.5294117647059,95.0,23.999999999999986,8.625,42.499999999999986,17.85928143712575,358.81636726546907,0.20459081836327345,0.0,0.0
2303,2020-07-12 09:12:17,30.000000000000004,194.4117647058823,220.0,82.00000000000001,70.00000000000001,41.0625,15.425425425425425,389.66566566566564,0.0,0.0,0.0
2304,2020-07-12 09:12:18,43.1,145.71428571428572,202.5,,,26.249999999999993,110.20889748549322,359.9796905222437,0.0,38.58800773694391,181.23694390715667
2305,2020-07-12 09:12:19,47.625,141.78571428571436,54.999999999999986,72.50000000000001,4.95,38.095238095238095,0.0,435.95228215767634,0.0,0.0,0.0
2306,2020-07-12 09:12:20,27.85714285714287,96.42857142857144,130.0000000000001,16.000000000000014,55.000000000000064,31.428571428571367,0.0,389.96111665004986,0.0,0.0,0.0
2307,2020-07-12 09:12:21,37.38636363636365,230.31250000000003,208.75000000000003,22.000000000000014,31.666666666666675,45.202702702702716,48.908,279.578,9.12,0.0,204.299
2308,2020-07-12 09:12:22,68.84615384615388,91.42857142857144,197.5,,,76.0526315789474,0.0,393.5692771084337,0.0,0.0,0.0
2309,2020-07-12 09:12:23,41.49999999999999,90.44776119402987,107.50000000000004,4.764705882352941,81.99999999999999,45.41666666666666,333.80019980019983,396.1888111888112,0.0,0.0,136.30469530469531
2310,2020-07-12 09:12:24,95.71428571428574,86.22448979591837,92.14285714285715,45.00000000000006,8.166666666666668,48.09523809523811,199.82617382617386,419.2007992007993,0.0,0.0,0.0
2311,2020-07-12 09:12:25,65.66666666666669,356.6666666666667,49.0,4.764705882352942,4.764705882352942,33.06818181818183,44.294294294294296,379.70970970970967,0.0,0.0,895.1481481481482
2312,2020-07-12 09:12:26,32.63157894736842,241.07142857142858,202.50000000000003,84.28571428571429,9.454545454545455,26.666666666666693,0.0,361.347,0.205,0.0,0.0
2313,2020-07-12 09:12:27,62.14285714285717,137.5,97.00000000000001,,,37.93478260869566,39.845,397.434,0.0,0.0,0.0
2314,2020-07-12 09:12:28,45.16666666666667,175.0,114.99999999999983,43.33333333333333,15.999999999999996,40.45454545454545,86.20236920039488,354.5064165844028,0.0,41.48864758144127,267.7690029615006
2315,2020-07-12 09:12:29,59.44444444444448,92.32558139534885,196.4285714285714,72.50000000000001,4.95,36.69354838709676,0.0,439.2046605876393,0.0,0.0,0.0
2316,2020-07-12 09:12:30,36.666666666666664,50.0,75.0,4.500000000000001,22.500000000000004,21.826923076923077,0.0,383.60276679841894,0.0,0.0,0.0
2317,2020-07-12 09:12:31,82.41379310344826,388.88888888888886,182.5,4.725,24.5,49.34210526315792,35.21638018200203,318.62487360970675,9.706774519716886,0.008088978766430738,168.07077856420628
2318,2020-07-12 09:12:32,44.642857142857146,91.80000000000001,90.00000000000001,33.75,4.875,23.5,0.0,350.4577114427861,0.0,0.0,0.0
2319,2020-07-12 09:12:33,32.031250000000014,90.26785714285715,232.85714285714283,88.75000000000001,84.99999999999999,22.111111111111107,305.80382293762574,438.3430583501006,0.0,0.0,261.0784708249497
2320,2020-07-12 09:12:34,37.70000000000002,93.921568627451,96.36363636363636,4.500000000000001,6.000000000000005,57.04545454545457,130.21078921078922,374.98901098901104,0.0,0.0,0.0
2321,2020-07-12 09:12:35,99.47368421052636,182.1739130434783,205.00000000000003,4.95,7.25,39.72222222222224,45.2962962962963,403.7887887887888,0.0,0.0,849.7607607607607
2322,2020-07-12 09:12:36,61.99999999999996,240.13157894736844,208.33333333333331,59.99999999999997,12.999999999999991,39.230769230769226,0.0,324.2834331337325,0.20459081836327345,0.0,0.0
2323,2020-07-12 09:12:37,38.75,218.75000000000003,47.5,,,187.50000000000006,94.12424849699399,246.4579158316633,0.0,0.0,0.0
2324,2020-07-12 09:12:38,,,,,,,158.7,0.0,0.0,41.496,219.174
2325,2020-07-12 09:12:39,95.0,21.25,,,,95.0,0.0,6.63,0.0,0.0,0.0
2326,2020-07-12 09:12:40,,,,,,,0.0,0.0,0.0,0.0,0.0
2327,2020-07-12 09:12:41,222.50000000000003,,,,,90.0,30.52225519287834,0.0,6.112759643916915,0.0,185.22551928783386
2328,2020-07-12 09:12:42,31.875000000000014,190.0,,,,22.000000000000004,0.0,13.407482305358949,0.0,0.0,0.0
2329,2020-07-12 09:12:43,92.50000000000001,95.0,235.00000000000003,90.00000000000001,4.500000000000001,88.75000000000001,119.239,0.0,0.0,0.0,119.606
2330,2020-07-12 09:12:44,9.500000000000002,95.0,,,,95.0,39.069,102.856,0.0,0.0,0.0
2331,2020-07-12 09:12:45,91.77419354838709,93.59375,175.00000000000009,40.62500000000001,62.500000000000014,36.40625000000001,10.627490039840637,373.7221115537849,0.0,0.0,186.55278884462152
2332,2020-07-12 09:12:46,24.810344827586214,100.0,222.99999999999997,,,92.63157894736844,0.0,252.53564356435643,0.20297029702970298,0.0,0.0
2333,2020-07-12 09:12:47,24.20588235294118,206.25000000000006,114.99999999999989,8.5,17.50000000000003,48.93617021276598,19.72210953346856,346.6774847870183,0.0,0.0,0.0
2334,2020-07-12 09:12:48,31.25,94.83333333333336,77.5,40.625,9.583333333333332,47.75510204081633,47.735,467.517,0.0,11.172,70.695
2335,2020-07-12 09:12:49,22.910714285714292,89.41176470588238,224.6153846153846,32.49999999999999,23.5,65.83333333333331,0.0,382.6614936954413,0.0,0.0,0.0
2336,2020-07-12 09:12:50,125.99999999999989,77.08333333333337,197.50000000000003,48.749999999999986,22.750000000000004,85.73529411764707,0.0,422.61053719008265,0.0,0.0,0.0
2337,2020-07-12 09:12:51,46.42857142857142,24.123376623376622,91.66666666666667,75.00000000000003,6.250000000000002,48.611111111111114,9.072420634920634,555.8640873015873,5.773809523809524,0.0,127.67162698412699
2338,2020-07-12 09:12:52,49.16666666666664,24.296875,125.00000000000017,4.6875,17.50000000000003,59.047619047619015,0.0,533.5564516129033,0.0,0.0,0.0
2339,2020-07-12 09:12:53,27.916666666666668,36.73913043478262,145.00000000000003,31.249999999999996,62.49999999999999,40.20000000000003,187.25574425574428,343.7752247752248,0.0,0.0,211.51048951048955
2340,2020-07-12 09:12:54,22.5,84.44444444444444,,,,60.000000000000036,241.41511285574094,108.1108930323847,0.0,0.0,0.0
2341,2020-07-12 09:12:55,154.37499999999997,170.7142857142858,,,,93.15789473684211,30.766564729867483,138.13455657492355,0.0,0.0,646.8868501529053
2342,2020-07-12 09:12:56,92.1276595744681,23.5,,,,89.54545454545455,0.0,0.0,0.205,0.0,0.0
2343,2020-07-12 09:12:57,89.6875,22.206896551724142,235.00000000000003,87.50000000000001,88.63636363636365,214.54545454545453,59.92522432701895,262.7008973080758,0.0,0.0,0.0
2344,2020-07-12 09:12:58,99.91525423728814,85.83333333333334,167.49999999999997,,,57.692307692307686,137.00998003992015,178.65269461077844,0.0,31.856287425149702,177.54790419161677
2345,2020-07-12 09:12:59,186.91176470588235,32.50000000000003,211.00000000000003,4.821428571428572,75.00000000000001,92.25806451612902,0.0,504.9668341708543,0.0,0.0,0.0
2346,2020-07-12 09:13:00,21.892857142857146,55.00000000000002,234.0,4.500000000000001,47.32142857142857,43.12500000000001,0.0,126.22654690618762,0.0,0.0,0.0
2347,2020-07-12 09:13:01,44.91666666666668,33.65384615384617,195.00000000000006,40.625,62.500000000000014,24.91346153846154,49.04408817635271,411.10921843687373,6.312625250501002,0.0,131.12224448897794
2348,2020-07-12 09:13:02,43.722222222222214,45.41666666666668,217.0,,,49.09722222222223,0.0,406.2832832832833,0.0,0.0,0.0
2349,2020-07-12 09:13:03,28.000000000000004,117.81250000000001,180.0,75.00000000000001,21.250000000000007,37.60416666666668,139.62537462537466,603.2977022977024,0.0,0.0,231.19480519480524
2350,2020-07-12 09:13:04,63.57142857142861,61.00000000000002,231.25,37.50000000000001,75.00000000000001,32.00000000000003,155.211,408.018,0.0,0.0,0.0
2351,2020-07-12 09:13:05,53.888888888888836,134.4117647058825,175.0,4.6875,79.16666666666667,34.916666666666686,12.39724680432645,403.173058013766,0.0,0.0,720.9636184857425
2352,2020-07-12 09:13:06,33.65384615384616,88.95833333333333,93.57142857142858,,,43.48214285714286,0.0,349.45271629778676,0.2062374245472837,0.0,0.0
2353,2020-07-12 09:13:07,40.58333333333334,74.33333333333331,130.0,17.49999999999999,62.49999999999998,38.26923076923077,62.41473259334006,499.06357214934405,0.0,0.0,0.0
2354,2020-07-12 09:13:08,24.50657894736842,83.33333333333333,93.6842105263158,4.687500000000001,6.250000000000007,46.38392857142858,137.10307234886028,393.5262636273539,0.0,35.58969276511398,93.72646184340933
2355,2020-07-12 09:13:09,23.887931034482758,132.00000000000003,215.00000000000003,4.821428571428572,85.00000000000001,23.836206896551726,0.0,343.75426278836505,0.0,0.0,0.0
2356,2020-07-12 09:13:10,38.50000000000001,22.432203389830512,92.14285714285714,,,44.90384615384617,0.0,559.8165322580645,0.0,0.0,0.0
2357,2020-07-12 09:13:11,27.3529411764706,80.97222222222221,82.5,4.68,4.68,22.681818181818183,35.651348651348655,473.8431568431569,9.290709290709293,0.0,214.0729270729271
2358,2020-07-12 09:13:12,38.12500000000001,22.60000000000001,144.9999999999999,4.846153846153848,4.500000000000001,45.00000000000006,0.0,326.38276553106215,0.0,0.0,0.0
2359,2020-07-12 09:13:13,42.24999999999999,47.41071428571429,231.24999999999997,74.00000000000001,78.33333333333334,28.392857142857135,232.78842315369263,631.2335329341316,0.0,0.0,223.14870259481037
2360,2020-07-12 09:13:14,41.28787878787879,21.661290322580644,49.16666666666668,8.00000000000001,4.846153846153848,24.76724137931035,246.08416833667334,421.23246492985976,0.0,0.0,0.0
2361,2020-07-12 09:13:15,44.53125,24.26666666666667,84.16666666666667,,,57.99999999999998,50.873253493013976,370.498003992016,0.0,0.0,883.3642714570858
2362,2020-07-12 09:13:16,39.91071428571432,23.59090909090909,82.50000000000001,4.500000000000001,4.687500000000001,24.98026315789474,0.0,313.01801801801804,0.20520520520520522,0.0,0.0
2363,2020-07-12 09:13:17,24.900000000000006,84.30555555555556,70.00000000000001,4.500000000000001,7.999999999999998,27.50000000000001,100.879,502.782,0.0,0.0,0.0
2364,2020-07-12 09:13:18,28.500000000000018,23.707692307692312,89.2857142857143,68.75,4.6875,24.9375,114.16749750747759,669.3290129611167,0.0,42.16749750747757,203.6530408773679
2365,2020-07-12 09:13:19,23.94262295081967,73.80000000000001,230.5,83.74999999999999,46.24999999999999,41.209677419354854,0.0,0.0,0.0,0.0,0.0
2366,2020-07-12 09:13:20,23.907142857142855,34.499999999999986,227.50000000000009,,,81.42857142857143,0.0,634.122122122122,0.0,0.0,0.0
2367,2020-07-12 09:13:21,24.21590909090909,70.35714285714286,84.1666666666667,4.500000000000001,67.50000000000004,28.75000000000001,95.60717846460619,419.61415752741783,8.85343968095713,0.0,116.85742771684946
2368,2020-07-12 09:13:22,30.178571428571445,21.437500000000004,216.25000000000003,39.16666666666667,33.74999999999999,22.571428571428577,0.0,517.7495088408645,0.0,0.0,0.0
2369,2020-07-12 09:13:23,37.40740740740743,23.968750000000004,163.75,30.00000000000009,83.0,29.77272727272727,139.05102040816325,487.9765306122449,0.0,0.0,211.5295918367347
2370,2020-07-12 09:13:24,24.476744186046517,31.66666666666671,219.99999999999997,4.500000000000001,57.50000000000006,23.5,237.3077689243028,429.3107569721115,0.0,0.0,0.0
2371,2020-07-12 09:13:25,21.823529411764714,44.74999999999999,96.07142857142858,37.500000000000014,60.00000000000001,70.00000000000006,37.03188405797101,485.45120772946865,0.0,0.0,948.9120772946861
2372,2020-07-12 09:13:26,26.66666666666668,40.725806451612904,220.0,4.928571428571428,4.891304347826086,60.0,0.0,479.7116751269036,0.20812182741116753,0.0,0.0
2373,2020-07-12 09:13:27,38.26086956521738,34.166666666666664,85.0,4.500000000000001,8.0,35.72916666666666,121.15321756894791,485.37078651685397,0.0,0.0,0.0
2374,2020-07-12 09:13:28,158.75,21.75,213.1818181818182,22.900000000000006,42.5,32.31481481481483,184.02407221664996,527.0712136409228,0.0,41.620862587763284,174.56268806419257
2375,2020-07-12 09:13:29,24.911764705882355,22.348214285714285,49.44444444444445,,,24.5,0.0,409.674,0.0,0.0,0.0
2376,2020-07-12 09:13:30,45.17241379310345,33.854166666666664,167.5,4.500000000000001,4.500000000000001,44.10714285714286,0.0,519.097512437811,0.0,0.0,0.0
2377,2020-07-12 09:13:31,44.42307692307693,148.00000000000003,160.0,4.673076923076923,55.00000000000001,39.13793103448276,77.1943359375,255.6376953125,8.671875,0.0078125,148.63671875
2378,2020-07-12 09:13:32,30.00000000000004,158.00000000000003,50.000000000000085,4.500000000000001,4.500000000000001,31.470588235294144,0.0,704.0823892893924,0.0,0.0,0.0
2379,2020-07-12 09:13:33,23.549180327868854,32.22222222222223,80.0,4.500000000000001,8.249999999999998,23.637755102040824,183.3209028459274,256.11678115799805,0.0,0.0,254.9578017664377
2380,2020-07-12 09:13:34,24.976923076923082,22.031914893617024,97.2727272727273,,,37.50000000000002,153.85810162991373,500.49760306807286,0.0,0.0,0.0
2381,2020-07-12 09:13:35,74.23076923076921,23.58333333333334,220.0,4.909090909090909,21.999999999999993,49.05172413793103,1.1707577374599787,282.8762006403415,0.0,0.0,851.3543223052294
2382,2020-07-12 09:13:36,44.41489361702128,30.00000000000003,209.50000000000003,44.375,4.666666666666667,45.00000000000001,2.477522477522478,537.7162837162838,0.20479520479520483,0.0,0.0
2383,2020-07-12 09:13:37,44.52380952380953,77.64705882352946,197.49999999999994,,,76.05263157894738,58.75049900199601,405.06686626746506,0.0,0.0,0.0
2384,2020-07-12 09:13:38,41.857142857142854,61.956521739130444,177.5,47.500000000000014,72.50000000000001,73.33333333333333,200.49280920421862,533.2186001917546,0.0,39.02013422818792,157.71236816874404
2385,2020-07-12 09:13:39,24.780487804878042,71.1111111111111,46.66666666666667,4.660714285714286,4.660714285714286,30.769230769230763,0.0,159.4670157068063,0.0,0.0,0.0
2386,2020-07-12 09:13:40,42.56097560975609,20.23529411764706,214.00000000000003,4.500000000000001,4.500000000000001,94.64285714285715,0.0,474.973,0.0,0.0,0.0
2387,2020-07-12 09:13:41,24.094339622641513,24.31521739130435,175.00000000000006,4.999999999999999,8.750000000000002,45.06944444444446,89.50644202180376,575.8523290386522,9.157581764122895,0.0,242.80872150644205
2388,2020-07-12 09:13:42,48.62903225806452,77.96874999999999,211.42857142857147,26.25000000000001,59.999999999999986,69.65517241379311,0.0,470.5766129032258,0.0,0.0,0.0
2389,2020-07-12 09:13:43,43.916666666666664,75.55555555555557,205.00000000000003,4.500000000000001,29.999999999999964,21.869565217391308,212.61668321747766,482.15292949354523,0.0,0.0,282.9642502482622
2390,2020-07-12 09:13:44,120.99999999999993,42.81249999999999,190.00000000000003,,,80.96153846153847,210.58728557013117,403.9656912209889,0.0,0.0,0.0
2391,2020-07-12 09:13:45,183.0,47.29166666666667,229.375,45.277777777777786,4.781250000000001,46.875,20.346379647749508,64.14481409001957,0.0,0.0,771.5489236790606
2392,2020-07-12 09:13:46,89.18604651162791,88.61111111111111,235.00000000000003,92.00000000000001,4.500000000000001,95.86538461538463,0.0,127.02244897959183,0.20918367346938777,0.0,0.0
2393,2020-07-12 09:13:47,47.91666666666667,48.33333333333334,230.7142857142857,91.87500000000001,4.500000000000001,42.49999999999999,71.16216216216216,0.0,0.0,0.0,0.0
2394,2020-07-12 09:13:48,87.29729729729732,185.00000000000006,228.25,,,83.4848484848485,123.098,147.439,0.0,31.654,135.218
2395,2020-07-12 09:13:49,24.29285714285715,182.79999999999998,45.00000000000001,37.500000000000014,4.500000000000001,85.92105263157896,0.0,354.1918081918082,0.0,0.0,0.0
2396,2020-07-12 09:13:50,34.02173913043477,112.18749999999994,190.0,100.0,4.736842105263158,45.58139534883721,0.0,426.40140140140136,0.0,0.0,0.0
2397,2020-07-12 09:13:51,47.95454545454547,38.30882352941177,100.0,4.500000000000001,5.0,77.85714285714299,82.5595238095238,455.82142857142856,7.5,0.0,207.25297619047618
2398,2020-07-12 09:13:52,23.585714285714285,23.403225806451612,216.66666666666669,,,24.47058823529412,0.0,491.929435483871,0.0,0.0,0.0
2399,2020-07-12 09:13:53,28.076923076923084,66.38888888888889,229.0,10.0,83.33333333333334,23.038461538461544,253.8638170974155,503.33797216699804,0.0,0.0,206.4493041749503
2400,2020-07-12 09:13:54,28.50000000000001,195.68965517241378,217.5,75.00000000000001,80.0,38.91666666666668,100.1656626506024,398.4116465863454,0.0,0.0,0.0
2401,2020-07-12 09:13:55,36.31578947368423,186.78571428571428,122.50000000000006,37.50000000000001,4.500000000000001,22.65492957746479,17.464,421.002,0.0,0.0,616.752
2402,2020-07-12 09:13:56,24.838461538461537,50.71428571428572,92.22222222222223,,,48.154761904761905,0.0,517.167,0.205,0.0,0.0
2403,2020-07-12 09:13:57,47.01612903225805,32.35294117647058,122.50000000000001,15.000000000000007,15.000000000000007,39.83870967741939,6.032064128256513,427.0380761523046,0.0,0.0,0.0
2404,2020-07-12 09:13:58,24.076923076923084,36.73076923076922,75.00000000000003,4.500000000000001,4.736842105263158,27.67857142857149,161.83083083083082,442.2092092092092,0.0,40.206206206206204,231.83283283283282
2405,2020-07-12 09:13:59,23.386363636363644,160.00000000000009,78.75000000000001,25.000000000000046,4.500000000000001,35.52631578947368,0.0,188.45254745254746,0.0,0.0,0.0
2406,2020-07-12 09:14:00,41.796875,150.62499999999997,85.00000000000004,50.00000000000009,4.736842105263158,29.21875000000003,0.0,466.80219780219784,0.0,0.0,0.0
2407,2020-07-12 09:14:01,39.300000000000004,207.2826086956522,185.0,,,56.875,120.890625,416.5283203125,9.2578125,0.0,276.3359375
2408,2020-07-12 09:14:02,46.621621621621614,88.40909090909092,96.11111111111113,5.0,17.500000000000014,86.66666666666673,0.0,377.8416833667335,0.0,0.0,0.0
2409,2020-07-12 09:14:03,23.14,24.171052631578945,82.50000000000001,50.0,4.500000000000001,32.499999999999936,260.7676560900717,386.77993858751285,0.0,0.0,280.1064483111566
2410,2020-07-12 09:14:04,36.63793103448276,21.357142857142858,159.99999999999997,33.333333333333336,5.0,23.4375,169.637,466.862,0.0,0.0,0.0
2411,2020-07-12 09:14:05,40.20833333333333,32.1551724137931,92.50000000000001,8.000000000000002,4.500000000000001,24.76428571428572,36.44521224086871,450.1174728529122,0.0,0.0,884.3455083909181
2412,2020-07-12 09:14:06,22.79591836734694,24.142857142857146,88.75,60.0,68.33333333333334,32.3684210526316,0.0,312.6977687626775,0.2079107505070994,0.0,0.0
2413,2020-07-12 09:14:07,75.00000000000001,84.99999999999999,130.00000000000009,66.66666666666667,4.500000000000001,23.61688311688312,15.693,564.03,0.0,0.0,0.0
2414,2020-07-12 09:14:08,38.709677419354854,22.354166666666668,60.00000000000006,4.500000000000001,4.736842105263158,20.887096774193555,132.1558441558442,439.6703296703297,0.0,42.51748251748252,72.51648351648352
2415,2020-07-12 09:14:09,25.0,20.764705882352942,82.50000000000001,4.7368421052631575,5.0,44.86111111111113,0.0,521.092,0.0,0.0,0.0
2416,2020-07-12 09:14:10,24.67073170731708,24.612903225806456,145.0000000000001,,,43.910256410256416,0.0,434.9592039800995,0.0,0.0,0.0
2417,2020-07-12 09:14:11,27.30769230769236,24.7089552238806,76.66666666666666,4.500000000000001,66.6666666666667,23.96153846153847,118.28997020854023,485.7815292949355,9.592850049652434,0.0,220.0963257199603
2418,2020-07-12 09:14:12,24.25,31.18421052631581,167.49999999999994,20.00000000000001,4.736842105263159,20.272727272727277,0.0,411.3087044534413,0.0,0.0,0.0
2419,2020-07-12 09:14:13,23.945312500000007,27.954545454545464,47.333333333333336,4.500000000000001,4.500000000000001,24.112676056338035,299.8121272365805,615.4522862823062,0.0,0.0,240.07753479125248
2420,2020-07-12 09:14:14,34.44444444444444,24.653846153846157,93.0,4.7368421052631575,37.50000000000001,40.5,94.80583501006036,400.15995975855134,0.0,0.0,0.0
2421,2020-07-12 09:14:15,26.833333333333346,24.043478260869566,165.00000000000003,66.66666666666667,10.0,23.285714285714285,8.469,469.292,0.0,0.0,861.31
2422,2020-07-12 09:14:16,45.25000000000004,24.669117647058826,180.0,,,23.09090909090909,1.7440239043824701,579.3705179282869,0.20418326693227093,0.0,0.0
2423,2020-07-12 09:14:17,30.441176470588257,22.000000000000007,107.49999999999997,4.5,4.749999999999999,44.99999999999999,63.56726907630522,424.7379518072289,0.0,0.0,0.0
2424,2020-07-12 09:14:18,111.66666666666659,60.62500000000004,215.00000000000003,73.33333333333336,80.00000000000001,55.937499999999964,259.8591408591409,391.72927072927075,0.0,42.51748251748252,98.36663336663338
2425,2020-07-12 09:14:19,187.97297297297305,24.54605263157895,70.0,4.7368421052631575,4.750000000000001,23.50000000000001,0.0,501.7228464419476,0.0,0.0,0.0
2426,2020-07-12 09:14:20,42.1276595744681,23.301470588235297,107.5000000000002,13.749999999999995,29.999999999999968,22.035714285714292,0.0,0.0,0.0,0.0,0.0
2427,2020-07-12 09:14:21,37.23684210526317,37.142857142857146,76.25000000000004,,55.000000000000064,22.409090909090914,51.22731804586242,567.1316051844467,9.272183449651047,0.0,343.59222333001003
2428,2020-07-12 09:14:22,23.89130434782609,23.545454545454547,130.0000000000001,4.500000000000001,4.500000000000001,22.450000000000003,0.0,522.1101101101101,0.0,0.0,0.0
2429,2020-07-12 09:14:23,23.976190476190478,22.726562500000007,60.00000000000014,4.500000000000001,4.736842105263159,24.448529411764703,192.5667001003009,443.3309929789368,0.0,0.0,189.3530591775326
2430,2020-07-12 09:14:24,22.66279069767442,45.000000000000014,170.00000000000006,50.00000000000009,5.500000000000004,46.17647058823528,270.09690309690313,441.4175824175825,0.0,0.0,0.0
2431,2020-07-12 09:14:25,26.56249999999998,20.843749999999996,73.75000000000001,14.5,4.725,35.2941176470588,13.48048048048048,524.5405405405406,0.0,0.0,923.4784784784785
2432,2020-07-12 09:14:26,35.199999999999996,39.50000000000001,96.0,4.749999999999999,4.500000000000001,32.88461538461536,20.48910891089109,442.4069306930693,0.20297029702970298,0.0,0.0
2433,2020-07-12 09:14:27,23.973684210526315,29.49999999999998,202.0,,,30.38461538461539,111.13319878910193,562.0534813319879,0.0,0.0,0.0
2434,2020-07-12 09:14:28,23.595744680851066,93.51351351351352,92.50000000000003,64.99999999999999,4.714285714285714,24.688679245283023,49.81156530408774,345.7318045862413,0.0,42.16749750747757,139.8564307078764
2435,2020-07-12 09:14:29,24.79069767441861,23.3448275862069,86.00000000000001,4.500000000000001,4.500000000000001,28.000000000000046,0.0,592.6613226452906,0.0,0.0,0.0
2436,2020-07-12 09:14:30,155.83333333333337,30.263157894736835,227.5,4.5,4.5,42.94642857142858,0.0,370.2943508424183,0.0,0.0,0.0
2437,2020-07-12 09:14:31,28.999999999999996,24.57894736842106,67.49999999999997,43.333333333333336,30.000000000000014,47.74390243902438,86.61453077699294,481.7598385469223,9.868819374369325,0.008072653884964682,329.7921291624621
2438,2020-07-12 09:14:32,32.93478260869564,41.666666666666686,145.00000000000014,4.500000000000001,6.9999999999999885,29.28571428571431,0.0,263.93887775551104,0.0,0.0,0.0
2439,2020-07-12 09:14:33,20.411764705882355,24.79807692307693,92.3076923076923,19.42857142857143,5.666666666666668,47.3125,198.97634212920838,405.8789808917198,0.0,0.0,234.71701546860783
2440,2020-07-12 09:14:34,29.375000000000025,27.08333333333336,70.0,,,75.71428571428575,302.82926829268297,253.8891352549889,0.0,0.0,0.0
2441,2020-07-12 09:14:35,80.99999999999999,4.500000000000001,,,,93.8888888888889,19.768700787401578,0.0,0.0,0.0,755.3198818897638
2442,2020-07-12 09:14:36,54.99999999999998,89.42307692307693,220.00000000000003,4.500000000000001,90.00000000000001,74.21052631578954,0.0,193.8170731707317,0.20833333333333334,0.0,0.0
2443,2020-07-12 09:14:37,84.0909090909091,87.50000000000001,,,,206.66666666666666,124.881,102.765,0.0,0.0,0.0
2444,2020-07-12 09:14:38,138.43749999999994,165.35714285714292,211.00000000000003,43.333333333333336,4.68,43.750000000000014,11.561438561438562,511.84815184815193,0.0,31.888111888111894,112.86813186813188
2445,2020-07-12 09:14:39,47.142857142857146,42.27272727272728,232.0,4.846153846153848,86.00000000000001,62.499999999999986,0.0,429.87775551102203,0.0,0.0,0.0
2446,2020-07-12 09:14:40,67.61904761904762,34.015151515151516,229.54545454545456,,,39.56896551724138,0.0,410.4932432432432,0.0,0.0,0.0
2447,2020-07-12 09:14:41,23.187500000000007,52.18750000000006,175.0,4.68,4.500000000000001,78.5483870967742,73.9223602484472,320.21118012422363,6.583850931677019,0.0,121.092132505176
2448,2020-07-12 09:14:42,24.418367346938776,83.8888888888889,217.5,90.00000000000001,80.0,43.181818181818194,0.0,621.4328657314629,0.0,0.0,0.0
2449,2020-07-12 09:14:43,39.48275862068966,43.5,114.99999999999986,37.50000000000002,7.000000000000015,48.31818181818182,166.77122877122878,348.4305694305695,0.0,0.0,210.64235764235767
2450,2020-07-12 09:14:44,23.21621621621622,175.96774193548399,92.85714285714286,4.90909090909091,6.499999999999999,53.33333333333332,180.25,430.231,0.0,0.0,0.0
2451,2020-07-12 09:14:45,22.21428571428572,93.03030303030307,199.0,83.0,4.500000000000001,22.375000000000004,20.50649350649351,0.0,0.0,0.0,696.6553446553447
2452,2020-07-12 09:14:46,32.500000000000014,43.26923076923077,93.0,4.704545454545455,4.500000000000001,39.807692307692314,39.44223107569721,837.910358565737,0.20418326693227093,0.0,0.0
2453,2020-07-12 09:14:47,24.84,30.138888888888893,67.5,4.500000000000001,,23.71875,28.980904522613066,246.2402010050251,0.0,0.0,0.0
2454,2020-07-12 09:14:48,24.014925373134332,21.171052631578945,185.00000000000006,4.821428571428572,11.500000000000023,54.21052631578946,142.358,501.946,0.0,41.496,198.106
2455,2020-07-12 09:14:49,23.32692307692308,162.64705882352936,47.5,48.75000000000003,65.00000000000003,22.672413793103445,0.0,542.4680638722555,0.0,0.0,0.0
2456,2020-07-12 09:14:50,23.8,47.282608695652165,221.36363636363635,90.50000000000001,4.500000000000001,24.16393442622951,0.0,426.2888665997994,0.0,0.0,0.0
2457,2020-07-12 09:14:51,22.687500000000007,42.92857142857143,180.0,4.500000000000001,4.500000000000001,23.203488372093027,103.128,441.95,9.96,0.0,264.237
2458,2020-07-12 09:14:52,24.01219512195122,34.00000000000002,196.0,45.833333333333336,4.725,22.886363636363637,0.0,488.581,0.0,0.0,0.0
2459,2020-07-12 09:14:53,23.32089552238806,29.73684210526314,221.66666666666669,41.25000000000001,41.50000000000001,55.29411764705885,206.39680957128616,490.88135593220346,0.0,0.0,225.53240279162515
2460,2020-07-12 09:14:54,28.500000000000007,24.196428571428573,49.37500000000001,8.500000000000014,4.500000000000001,24.454545454545457,170.72044088176352,481.28256513026054,0.0,0.0,0.0
2461,2020-07-12 09:14:55,47.29166666666668,30.961538461538478,182.5,,,36.73076923076925,18.63,506.501,0.0,0.0,784.219
2462,2020-07-12 09:14:56,46.63461538461541,33.10344827586208,49.61538461538461,4.500000000000001,4.500000000000001,40.72580645161292,64.48262164846078,461.90863952333666,0.20357497517378353,0.0,0.0
2463,2020-07-12 09:14:57,31.32352941176471,30.333333333333332,205.00000000000006,4.704545454545454,61.66666666666668,24.789473684210527,34.56929212362912,550.9441674975076,0.0,0.0,0.0
2464,2020-07-12 09:14:58,21.14864864864865,24.321428571428573,224.5,87.85714285714288,4.78125,37.282608695652186,256.4050505050505,449.8414141414142,0.0,44.064646464646465,321.4070707070707
2465,2020-07-12 09:14:59,25.55555555555554,22.348837209302335,86.42857142857144,18.499999999999996,4.928571428571429,33.4375,0.0,572.005994005994,0.0,0.0,0.0
2466,2020-07-12 09:15:00,82.89473684210525,80.0,137.5,,,50.000000000000064,0.0,0.0,0.0,0.0,0.0
2467,2020-07-12 09:15:01,29.264705882352935,24.106382978723403,175.0,4.500000000000001,4.781250000000001,44.16666666666667,59.468063872255485,317.5389221556886,9.401197604790418,0.0,234.56786427145707
2468,2020-07-12 09:15:02,39.19642857142858,24.785714285714285,88.33333333333334,13.500000000000007,4.704545454545455,53.57142857142857,0.0,523.4699398797595,0.0,0.0,0.0
2469,2020-07-12 09:15:03,55.00000000000002,23.682926829268293,130.00000000000017,4.500000000000001,19.75,24.77868852459017,242.85114885114888,490.3616383616384,0.0,0.0,197.5784215784216
2470,2020-07-12 09:15:04,39.444444444444464,172.2222222222222,202.0,8.500000000000014,42.50000000000007,41.14285714285715,139.27254509018036,545.7935871743487,0.0,0.0,0.0
2471,2020-07-12 09:15:05,67.0,174.03225806451616,84.00000000000001,,,45.15624999999999,34.64905284147557,345.0797607178465,0.0,0.0,842.517447657029
2472,2020-07-12 09:15:06,41.44736842105262,142.95454545454552,175.0,4.500000000000001,4.781250000000001,24.574324324324326,18.67635270541082,671.4539078156313,0.20541082164328656,0.0,0.0
2473,2020-07-12 09:15:07,33.91304347826088,77.22222222222224,193.0,4.704545454545456,30.83333333333335,41.333333333333336,77.02395209580838,136.0319361277445,0.0,0.0,0.0
2474,2020-07-12 09:15:08,24.54605263157895,47.97619047619047,83.00000000000001,12.250000000000016,4.500000000000001,28.815789473684223,161.300796812749,452.00796812749,0.0,42.39043824701195,227.10956175298804
2475,2020-07-12 09:15:09,21.35714285714287,31.363636363636356,190.00000000000003,30.83333333333335,4.928571428571429,32.205882352941195,0.0,505.47771317829455,0.0,0.0,0.0
2476,2020-07-12 09:15:10,29.500000000000007,39.67391304347827,76.0,4.500000000000001,4.500000000000001,45.1086956521739,0.0,419.3960113960114,0.0,0.0,0.0
2477,2020-07-12 09:15:11,42.229729729729726,34.833333333333336,190.00000000000006,,,57.7777777777778,116.79370249728555,440.5928338762215,10.879478827361563,0.0,261.5027144408252
2478,2020-07-12 09:15:12,38.91304347826088,149.1666666666667,184.00000000000006,4.500000000000001,67.5,36.62500000000002,0.0,350.5959798994975,0.0,0.0,0.0
2479,2020-07-12 09:15:13,31.53846153846155,38.51851851851853,185.00000000000006,79.0,4.500000000000001,37.50000000000002,172.51509054325953,425.7635814889336,0.0,0.0,135.7605633802817
2480,2020-07-12 09:15:14,22.73809523809524,38.709677419354854,152.50000000000009,65.0,4.875000000000001,20.77631578947369,175.45954045954048,525.5394605394606,0.0,0.0,0.0
2481,2020-07-12 09:15:15,83.69565217391306,170.58823529411765,214.375,4.78125,80.00000000000001,117.50000000000016,44.007007007007005,330.61561561561564,0.0,0.0,872.6906906906906
2482,2020-07-12 09:15:16,25.89285714285713,96.12500000000003,81.66666666666667,4.500000000000001,4.500000000000001,22.99,0.0,519.4454454454454,0.20520520520520522,0.0,0.0
2483,2020-07-12 09:15:17,41.547619047619044,165.86956521739125,221.25,4.821428571428572,91.0,26.38888888888889,103.31568431568432,170.23776223776224,0.0,0.0,0.0
2484,2020-07-12 09:15:18,32.291666666666664,41.37500000000001,220.00000000000003,58.33333333333333,81.0,27.500000000000007,225.28171828171833,418.48351648351655,0.0,39.5944055944056,219.2877122877123
2485,2020-07-12 09:15:19,22.57142857142857,33.026315789473685,114.99999999999994,4.500000000000001,4.95,20.256756756756754,0.0,422.191,0.0,0.0,0.0
2486,2020-07-12 09:15:20,23.9921875,21.571428571428577,115.00000000000001,4.500000000000001,44.58333333333336,38.10344827586206,0.0,519.0748502994012,0.0,0.0,0.0
2487,2020-07-12 09:15:21,25.624999999999986,179.09090909090912,212.50000000000006,4.909090909090909,6.999999999999999,58.33333333333328,96.82117882117883,496.6463536463537,9.590409590409593,0.0,159.7862137862138
2488,2020-07-12 09:15:22,47.50000000000004,185.8620689655173,220.0,75.00000000000003,81.25,70.50000000000014,0.0,414.08140703517586,0.0,0.0,0.0
2489,2020-07-12 09:15:23,84.61538461538461,96.83333333333334,220.0,68.75,88.00000000000001,48.289473684210535,240.408,302.401,0.0,0.0,283.118
2490,2020-07-12 09:15:24,,,,,4.500000000000001,47.5,109.946,162.559,0.0,0.0,0.0
2491,2020-07-12 09:15:25,219.21052631578948,218.23529411764704,95.0,87.50000000000001,4.500000000000001,41.36904761904762,17.73296354992076,95.2258320126783,0.1624405705229794,0.0,575.5158478605389
2492,2020-07-12 09:15:26,226.17647058823533,211.1764705882353,219.99999999999997,,,206.9736842105263,0.0,0.0,0.0,0.0,0.0
2493,2020-07-12 09:15:27,48.75,44.06250000000003,421.875,93.12500000000001,84.99999999999999,67.0,31.613003095975234,521.843137254902,0.0,0.0,0.0
2494,2020-07-12 09:15:28,47.76595744680852,39.68750000000001,190.0,88.33333333333333,84.00000000000001,75.50000000000001,130.33101391650098,453.4681908548708,0.0,38.33996023856859,285.20874751491056
2495,2020-07-12 09:15:29,23.851851851851855,24.71153846153846,145.00000000000003,4.821428571428572,37.50000000000001,46.52542372881357,0.0,271.3169014084507,0.0,0.0,0.0
2496,2020-07-12 09:15:30,43.61111111111113,46.375000000000014,235.00000000000003,4.891304347826087,4.687500000000001,46.160714285714306,0.0,652.2022022022022,0.0,0.0,0.0
2497,2020-07-12 09:15:31,24.41525423728814,24.605263157894736,227.5,81.25,4.821428571428572,44.0909090909091,77.04411764705883,450.4303921568627,7.1764705882352935,0.00784313725490196,185.68627450980392
2498,2020-07-12 09:15:32,31.176470588235293,34.8809523809524,214.375,4.500000000000001,8.500000000000002,47.53787878787881,0.0,569.7125382262997,0.0,0.0,0.0
2499,2020-07-12 09:15:33,24.07894736842105,21.827868852459016,145.0000000000001,4.500000000000001,4.909090909090909,46.40000000000001,184.5794205794206,265.8721278721279,0.0,0.0,136.11188811188813
2500,2020-07-12 09:15:34,44.038461538461554,23.97727272727273,23.5,4.821428571428572,4.500000000000001,31.15384615384616,110.81755424063115,481.35996055226826,0.0,0.0,0.0
2501,2020-07-12 09:15:35,33.750000000000014,72.10526315789477,222.30769230769235,68.75,75.00000000000001,49.95535714285714,28.41717171717172,300.65050505050505,0.0,0.0,797.368686868687
2502,2020-07-12 09:15:36,24.637931034482758,100.00000000000027,231.25,42.49999999999999,43.75000000000001,56.78571428571433,0.0,431.23819095477387,0.20603015075376885,0.0,0.0
2503,2020-07-12 09:15:37,33.38235294117646,61.38888888888887,170.00000000000003,,,39.66666666666667,128.54154154154156,524.4354354354354,0.0,0.0,0.0
2504,2020-07-12 09:15:38,46.666666666666664,62.50000000000004,178.00000000000006,47.499999999999986,8.928571428571429,168.50000000000006,116.26946107784431,339.7984031936128,0.0,37.69660678642715,270.5489021956088
2505,2020-07-12 09:15:39,69.5,23.628048780487813,205.00000000000003,62.500000000000014,4.500000000000001,45.22727272727271,0.0,585.9268537074148,0.0,0.0,0.0
2506,2020-07-12 09:15:40,46.15384615384621,99.54545454545456,192.5,4.891304347826087,9.333333333333329,81.61290322580645,0.0,369.92307692307696,0.0,0.0,0.0
2507,2020-07-12 09:15:41,43.557692307692314,75.00000000000001,233.84615384615384,46.25,6.000000000000005,37.37500000000001,201.8701298701299,588.4935064935066,9.590409590409593,0.0,137.03796203796205
2508,2020-07-12 09:15:42,22.59375,24.9,208.00000000000003,22.750000000000007,4.500000000000001,38.7878787878788,0.0,440.9255213505462,0.0,0.0,0.0
2509,2020-07-12 09:15:43,25.75000000000002,46.94444444444448,98.125,,5.500000000000005,49.16666666666668,228.10473313192347,432.6978851963746,0.0,0.0,189.13997985901307
2510,2020-07-12 09:15:44,150.00000000000009,38.06451612903226,202.5,83.00000000000001,55.00000000000001,58.437499999999986,149.67667667667666,456.30630630630634,0.0,0.0,0.0
2511,2020-07-12 09:15:45,166.5217391304348,161.8000000000001,211.42857142857142,4.5,84.99999999999999,37.672413793103466,6.609,468.118,0.0,0.0,936.829
2512,2020-07-12 09:15:46,47.66666666666665,24.285714285714292,186.25000000000003,4.500000000000001,4.92857142857143,24.095890410958905,0.0,496.4049261083744,0.2019704433497537,0.0,0.0
2513,2020-07-12 09:15:47,24.631147540983612,24.617647058823533,54.99999999999996,62.500000000000014,4.821428571428572,23.968750000000004,85.53245436105477,455.95537525354973,0.0,0.0,0.0
2514,2020-07-12 09:15:48,47.29591836734694,31.153846153846175,172.0,31.25,4.500000000000001,46.160714285714285,127.70837438423646,556.9290640394089,0.0,42.19310344827587,138.54088669950738
2515,2020-07-12 09:15:49,76.31578947368422,197.85714285714283,145.0000000000001,82.00000000000001,4.500000000000001,28.749999999999982,0.0,483.5548780487805,0.0,0.0,0.0
2516,2020-07-12 09:15:50,78.28125000000003,38.3974358974359,223.75,5.500000000000009,4.500000000000001,30.526315789473685,0.0,274.7455445544554,0.0,0.0,0.0
2517,2020-07-12 09:15:51,23.538461538461544,26.666666666666668,139.99999999999997,68.75,4.875,27.083333333333353,94.15555555555557,384.5848484848485,9.212121212121213,0.0,245.8090909090909
2518,2020-07-12 09:15:52,22.550632911392402,30.26315789473684,100.0,4.821428571428572,65.00000000000003,19.919354838709673,0.0,593.8198198198197,0.0,0.0,0.0
2519,2020-07-12 09:15:53,23.46666666666667,23.181818181818194,198.57142857142856,68.75000000000001,68.75000000000001,32.9464285714286,198.71328671328675,465.4985014985016,0.0,0.0,210.34165834165836
2520,2020-07-12 09:15:54,22.65853658536586,45.25000000000006,137.5,4.821428571428572,4.500000000000001,21.89772727272727,237.3963963963964,461.2972972972973,0.0,0.0,0.0
2521,2020-07-12 09:15:55,27.27272727272727,22.818181818181827,94.99999999999997,,,23.682926829268297,65.36863136863137,395.3666333666334,0.0,0.0,911.798201798202
2522,2020-07-12 09:15:56,23.55263157894737,36.16071428571429,100.0,71.25,4.500000000000001,27.250000000000018,0.0,567.436,0.205,0.0,0.0
2523,2020-07-12 09:15:57,21.904761904761905,22.56666666666668,211.00000000000003,30.00000000000003,4.800000000000001,23.344827586206907,91.82417582417584,446.47652347652354,0.0,0.0,0.0
2524,2020-07-12 09:15:58,39.67741935483872,30.294117647058815,187.0,64.99999999999999,66.66666666666666,37.121212121212125,41.30227948463826,453.43904856293364,0.0,42.44400396432111,268.2507433102081
2525,2020-07-12 09:15:59,50.384615384615344,73.19999999999999,137.4999999999999,42.49999999999999,4.75,24.518867924528305,0.0,252.66364551863043,0.0,0.0,0.0
2526,2020-07-12 09:16:00,36.666666666666664,32.85714285714285,220.0,43.75000000000001,37.50000000000001,75.83333333333334,0.0,380.923,0.0,0.0,0.0
2527,2020-07-12 09:16:01,21.67857142857143,24.378048780487813,217.5,30.83333333333333,84.375,41.97368421052629,144.38339920948619,704.4505928853755,9.84189723320158,0.0,210.30138339920947
2528,2020-07-12 09:16:02,38.671875,47.91666666666666,81.6666666666667,4.500000000000001,4.500000000000001,33.92857142857143,0.0,353.5593908629442,0.0,0.0,0.0
2529,2020-07-12 09:16:03,22.295081967213118,25.416666666666675,91.36363636363637,4.500000000000001,4.68,38.65384615384617,308.058,200.583,0.0,0.0,124.238
2530,2020-07-12 09:16:04,62.941176470588275,22.791666666666664,107.50000000000001,4.500000000000001,45.00000000000001,23.58450704225352,131.05005005005006,577.958958958959,0.0,0.0,0.0
2531,2020-07-12 09:16:05,23.45774647887324,41.08108108108109,96.87499999999999,,,37.50000000000003,35.59301227573182,433.6694995278565,0.0,0.0,733.2766761095373
2532,2020-07-12 09:16:06,22.681818181818173,83.18181818181819,91.66666666666667,29.166666666666682,4.500000000000001,49.51923076923079,0.0,554.3446153846154,0.21025641025641026,0.0,0.0
2533,2020-07-12 09:16:07,35.31250000000001,80.66666666666667,205.00000000000003,4.846153846153847,65.0,36.250000000000014,80.54501452081317,419.9361084220717,0.0,0.0,0.0
2534,2020-07-12 09:16:08,38.12500000000001,232.65625,,4.500000000000001,4.500000000000001,9.500000000000002,88.18843683083512,0.0,0.0,45.567451820128476,289.2997858672377
2535,2020-07-12 09:16:09,227.85714285714286,9.500000000000002,,,,210.00000000000003,0.0,0.0,0.0,0.0,0.0
2536,2020-07-12 09:16:10,227.8409090909091,79.375,227.5,,,224.6875,0.0,3.2952286282306162,0.0,0.0,0.0
2537,2020-07-12 09:16:11,201.25000000000003,29.821428571428584,225.35714285714286,21.1,4.875,209.5652173913044,118.35429141716567,411.6576846307385,6.347305389221557,0.0,310.92415169660677
2538,2020-07-12 09:16:12,177.72727272727275,63.33333333333341,91.25000000000001,,,71.6666666666667,0.0,429.9101917255298,0.0,0.0,0.0
2539,2020-07-12 09:16:13,45.806451612903224,29.28571428571428,,4.500000000000001,44.166666666666664,209.16666666666669,137.063,488.347,0.0,0.0,172.254
2540,2020-07-12 09:16:14,45.78947368421053,192.14285714285717,246.25000000000003,4.68,4.875000000000001,95.83333333333334,145.625,623.282,0.0,0.0,0.0
2541,2020-07-12 09:16:15,181.6176470588236,28.557692307692324,228.99999999999997,,,172.3529411764706,74.53646353646354,347.6743256743257,0.0,0.0,534.7682317682319
2542,2020-07-12 09:16:16,196.42857142857144,22.22340425531915,205.00000000000003,38.33333333333333,82.49999999999999,33.80952380952382,2.856,493.8,0.205,0.0,0.0
2543,2020-07-12 09:16:17,32.1153846153846,45.62500000000002,96.57894736842107,5.9999999999999964,6.999999999999993,91.6666666666667,37.97604790419162,457.37724550898207,0.0,0.0,0.0
2544,2020-07-12 09:16:18,44.01041666666667,76.00000000000001,233.84615384615384,,,175.8823529411765,65.6016016016016,477.14314314314316,0.0,28.224224224224226,187.8758758758759
2545,2020-07-12 09:16:19,9.916666666666668,24.875,,86.0,86.0,42.5,0.0,0.0,0.0,0.0,0.0
2546,2020-07-12 09:16:20,,,,,,,0.0,0.0,0.0,0.0,0.0
2547,2020-07-12 09:16:21,,99.09090909090911,,,,,60.08585858585859,73.66666666666667,7.272727272727273,0.0,203.7949494949495
2548,2020-07-12 09:16:22,,,,,,,0.0,0.0,0.0,0.0,0.0
2549,2020-07-12 09:16:23,,,,,,,104.288,0.0,0.0,0.0,40.733
2550,2020-07-12 09:16:24,95.0,,,,,,112.82,0.0,0.0,0.0,0.0
2551,2020-07-12 09:16:25,22.000000000000004,65.0,,,,234.03225806451613,16.505,33.15,0.0,0.0,268.944
2552,2020-07-12 09:16:26,,,,,,,0.7062937062937064,0.0,0.20479520479520483,0.0,0.0
2553,2020-07-12 09:16:27,,,,,,,21.655655655655657,0.0,0.0,0.0,0.0
2554,2020-07-12 09:16:28,,,,,,45.0,8.553,0.0,0.0,3.724,44.581
2555,2020-07-12 09:16:29,235.0,9.500000000000002,,,,95.0,0.0,80.082,0.0,0.0,0.0
2556,2020-07-12 09:16:30,235.00000000000003,9.500000000000002,,,,9.500000000000002,0.0,0.0,0.0,0.0,0.0
2557,2020-07-12 09:16:31,220.00000000000003,80.0,233.63636363636365,,,,8.17782217782218,0.0,0.0,0.007992007992007994,33.16683316683317
2558,2020-07-12 09:16:32,212.89473684210526,90.00000000000001,465.0,83.75000000000001,4.875000000000001,220.0,0.0,59.729729729729726,0.0,0.0,0.0
2559,2020-07-12 09:16:33,201.5384615384616,93.15789473684212,,,,226.63461538461542,29.704,33.228,0.0,0.0,21.606
2560,2020-07-12 09:16:34,89.46428571428572,86.80851063829789,232.49999999999997,45.625,38.33333333333333,49.21875000000001,64.517,339.667,0.0,0.0,0.0
2561,2020-07-12 09:16:35,79.16666666666666,65.00000000000007,233.63636363636365,,,86.55555555555556,15.548548548548547,513.6076076076076,0.0,0.0,235.995995995996
2562,2020-07-12 09:16:36,37.413793103448285,23.500000000000004,230.90909090909093,33.750000000000014,8.375000000000002,46.02678571428573,7.665334665334666,434.37662337662346,0.20479520479520483,0.0,0.0
2563,2020-07-12 09:16:37,22.223880597014926,65.26315789473688,227.5,38.33333333333333,41.24999999999999,77.72727272727276,17.729,518.769,0.0,0.0,0.0
2564,2020-07-12 09:16:38,119.49999999999989,108.57142857142863,175.0,4.500000000000001,4.68,71.36363636363637,36.37362637362638,389.31768231768234,0.0,21.25874125874126,104.85414585414587
2565,2020-07-12 09:16:39,68.63636363636358,42.41071428571427,90.00000000000001,,,44.0909090909091,0.0,478.2272272272272,0.0,0.0,0.0
2566,2020-07-12 09:16:40,28.958333333333336,21.76315789473685,167.50000000000009,4.500000000000001,7.999999999999998,57.94117647058833,0.0,411.4425574425575,0.0,0.0,0.0
2567,2020-07-12 09:16:41,21.85849056603773,85.9090909090909,221.66666666666669,47.0,83.75,41.29629629629631,47.325171400587664,578.722820763957,7.4632713026444675,0.0,132.0274240940255
2568,2020-07-12 09:16:42,29.42307692307694,42.27272727272728,223.75,40.00000000000002,76.66666666666669,22.932432432432435,0.0,149.89457523029682,0.0,0.0,0.0
2569,2020-07-12 09:16:43,22.240000000000002,44.00000000000001,175.00000000000009,4.500000000000001,65.0,19.125000000000004,214.43756243756246,257.92007992007996,0.0,0.0,195.39960039960042
2570,2020-07-12 09:16:44,24.590909090909093,175.0,95.0,,,156.25,236.76237623762378,13.36039603960396,0.0,0.0,0.0
2571,2020-07-12 09:16:45,121.56250000000011,125.00000000000011,420.83333333333326,4.500000000000001,4.500000000000001,221.58823529411768,83.33714285714285,166.3342857142857,0.0,0.0,797.6752380952381
2572,2020-07-12 09:16:46,212.10526315789474,186.24999999999997,227.5,4.95,88.57142857142858,118.7500000000001,0.0,385.8291404612159,0.2148846960167715,0.0,0.0
2573,2020-07-12 09:16:47,98.91891891891892,88.0,190.0,32.49999999999999,4.846153846153847,165.86956521739125,36.49391480730223,0.0,0.0,0.0,0.0
2574,2020-07-12 09:16:48,70.23809523809524,186.34146341463415,205.00000000000003,,,200.5555555555556,79.308,441.259,0.0,30.856,103.609
2575,2020-07-12 09:16:49,50.66666666666658,31.666666666666696,178.0000000000001,4.500000000000001,58.333333333333336,47.70833333333334,0.0,572.5745310957553,0.0,0.0,0.0
2576,2020-07-12 09:16:50,27.142857142857157,40.41666666666667,1150.000000000001,4.500000000000001,37.50000000000001,32.18750000000001,0.0,427.2923387096774,0.0,0.0,0.0
2577,2020-07-12 09:16:51,57.894736842105246,24.812500000000004,92.5,4.500000000000001,5.0,38.69047619047622,30.07645875251509,482.37927565392357,7.303822937625755,0.0,188.99597585513078
2578,2020-07-12 09:16:52,55.31249999999999,37.83333333333336,140.00000000000006,4.891304347826087,9.375000000000002,37.983870967741936,0.0,307.71371769383694,0.0,0.0,0.0
2579,2020-07-12 09:16:53,24.454545454545453,69.3750000000001,47.5,4.500000000000001,75.00000000000001,24.675675675675677,94.46432160804021,719.9879396984924,0.0,0.0,185.21507537688444
2580,2020-07-12 09:16:54,26.66666666666663,25.50000000000002,96.42857142857144,4.500000000000001,17.50000000000003,34.821428571428555,203.930966469428,471.39743589743586,0.0,0.0,0.0
2581,2020-07-12 09:16:55,41.92307692307691,38.125000000000036,87.00000000000003,,,40.35714285714287,56.551269035533,410.4548223350254,0.0,0.0,635.4568527918782
2582,2020-07-12 09:16:56,23.977272727272737,191.15384615384622,67.5,12.999999999999998,4.500000000000001,24.840909090909093,38.14840637450199,241.3675298804781,0.20418326693227093,0.0,0.0
2583,2020-07-12 09:16:57,29.305555555555596,43.12500000000001,230.0,80.0,68.75,41.33928571428573,58.92878635907723,547.0351053159478,0.0,0.0,0.0
2584,2020-07-12 09:16:58,46.2,44.09090909090911,197.5,4.821428571428572,75.00000000000003,26.111111111111075,173.55455455455456,185.22222222222223,0.0,41.80380380380381,238.95095095095093
2585,2020-07-12 09:16:59,34.125000000000014,46.300000000000004,190.0,4.6875,58.333333333333336,28.40909090909091,0.0,485.776,0.0,0.0,0.0
2586,2020-07-12 09:17:00,45.50000000000001,33.59375000000001,54.99999999999995,,,24.020408163265305,0.0,423.88311688311694,0.0,0.0,0.0
2587,2020-07-12 09:17:01,78.71428571428574,62.61904761904764,89.16666666666667,4.800000000000001,16.000000000000018,51.66666666666672,58.419291338582674,510.998031496063,9.212598425196852,0.0,215.81496062992127
2588,2020-07-12 09:17:02,24.480769230769237,36.85185185185186,218.125,35.0,40.00000000000001,60.19999999999996,0.0,452.78781725888325,0.0,0.0,0.0
2589,2020-07-12 09:17:03,40.937500000000014,20.388888888888886,217.85714285714286,13.000000000000002,44.28571428571429,23.924528301886795,139.08656716417912,485.0208955223881,0.0,0.0,156.37313432835822
2590,2020-07-12 09:17:04,27.884615384615387,27.500000000000025,155.00000000000009,,,40.72916666666668,200.027,540.577,0.0,0.0,0.0
2591,2020-07-12 09:17:05,23.352112676056333,21.705882352941178,167.49999999999994,9.600000000000001,4.90909090909091,45.83333333333335,0.0,451.74924774322966,0.0,0.0,800.5757271815446
2592,2020-07-12 09:17:06,33.38235294117646,58.421052631578945,217.85714285714286,4.500000000000001,90.00000000000001,40.50000000000003,160.90039447731755,568.9980276134122,0.20216962524654833,0.0,0.0
2593,2020-07-12 09:17:07,24.571428571428577,163.74999999999994,231.25,40.000000000000014,48.33333333333334,29.583333333333282,48.003054989816704,255.22810590631366,0.0,0.0,0.0
2594,2020-07-12 09:17:08,24.79850746268657,28.437500000000032,220.00000000000003,86.66666666666667,7.0000000000000115,24.64893617021277,215.8981018981019,437.923076923077,0.0,42.51748251748252,359.74725274725273
2595,2020-07-12 09:17:09,40.80357142857144,40.29761904761905,202.49999999999997,,,43.26923076923078,0.0,564.966033966034,0.0,0.0,0.0
2596,2020-07-12 09:17:10,64.16666666666667,55.76923076923079,144.99999999999997,4.695652173913045,80.00000000000001,54.687500000000014,0.0,447.45436507936506,0.0,0.0,0.0
2597,2020-07-12 09:17:11,76.87500000000001,45.217391304347814,115.0,4.500000000000001,59.99999999999997,45.97826086956522,66.43058350100604,205.79879275653926,9.114688128772636,0.0,370.4426559356137
2598,2020-07-12 09:17:12,35.8,137.85714285714297,186.99999999999994,4.500000000000001,77.0,24.883116883116884,0.0,400.84954864593783,0.0,0.0,0.0
2599,2020-07-12 09:17:13,32.95454545454548,34.16666666666667,95.83333333333334,36.666666666666664,6.499999999999995,45.00000000000003,169.68525519848768,737.0964083175803,0.0,0.0,124.67013232514178
2600,2020-07-12 09:17:14,188.0,60.000000000000014,220.0,4.500000000000001,81.00000000000003,40.00000000000005,136.98205383848457,133.60817547357925,0.0,0.0,0.0
2601,2020-07-12 09:17:15,34.2857142857143,49.44444444444444,152.49999999999991,,,40.267857142857146,109.7643378519291,372.495307612096,0.0,0.0,727.9509906152242
2602,2020-07-12 09:17:16,79.73684210526316,83.10344827586208,232.6923076923077,39.5,65.0,45.98214285714286,24.70703125,283.3525390625,0.2001953125,0.0,0.0
2603,2020-07-12 09:17:17,24.863636363636374,75.00000000000001,107.49999999999993,52.49999999999998,4.75,68.84615384615392,91.27928870292887,674.371338912134,0.0,0.0,0.0
2604,2020-07-12 09:17:18,29.0,27.749999999999947,211.00000000000003,,,22.78,153.13713713713716,266.45745745745745,0.0,39.93993993993994,241.57657657657657
2605,2020-07-12 09:17:19,24.31521739130435,62.250000000000014,221.3636363636364,49.58333333333335,65.00000000000004,36.136363636363654,0.0,716.389,0.0,0.0,0.0
2606,2020-07-12 09:17:20,36.66666666666664,23.369565217391308,93.33333333333334,76.25000000000003,68.33333333333334,33.88888888888893,0.0,335.94076999012833,0.0,0.0,0.0
2607,2020-07-12 09:17:21,65.00000000000004,20.666666666666668,47.5,4.500000000000001,43.75000000000002,21.09210526315789,1.2884615384615385,193.0323886639676,9.716599190283402,0.0,345.0161943319838
2608,2020-07-12 09:17:22,44.75000000000001,47.5,219.99999999999997,,,74.54545454545455,0.0,0.0,0.0,0.0,0.0
2609,2020-07-12 09:17:23,91.02040816326532,49.00000000000003,,86.66666666666667,6.000000000000003,89.48275862068967,141.89483394833948,168.05166051660515,0.0,0.0,123.87915129151291
2610,2020-07-12 09:17:24,214.84375,213.43750000000003,240.0,4.875000000000001,4.500000000000001,209.8,151.84371584699454,339.4284153005464,0.0,0.0,0.0
2611,2020-07-12 09:17:25,208.21428571428572,76.47058823529413,93.33333333333334,4.500000000000001,52.49999999999999,183.28947368421055,98.30980392156863,438.7862745098039,0.0,0.0,650.7519607843137
2612,2020-07-12 09:17:26,43.35714285714286,35.27777777777781,208.00000000000003,82.50000000000001,80.00000000000001,43.88888888888888,5.038657171922686,261.79348931841304,0.20854526958290948,0.0,0.0
2613,2020-07-12 09:17:27,34.83333333333334,20.630434782608695,214.00000000000003,68.33333333333331,77.5,24.625,60.79133858267716,250.4498031496063,0.0,0.0,0.0
2614,2020-07-12 09:17:28,24.261904761904763,24.153846153846157,213.33333333333331,50.0,5.0,44.58333333333334,117.43323139653414,512.1192660550458,0.0,33.35168195718654,157.361875637105
2615,2020-07-12 09:17:29,29.642857142857157,21.52000000000001,80.00000000000001,,,42.10937500000001,0.0,478.1718281718282,0.0,0.0,0.0
2616,2020-07-12 09:17:30,24.375000000000007,207.72727272727275,94.58333333333333,4.736842105263158,4.500000000000001,60.217391304347835,0.0,335.41821743388834,0.0,0.0,0.0
2617,2020-07-12 09:17:31,31.093750000000014,98.69565217391305,205.00000000000003,5.0,14.999999999999995,46.42857142857139,38.86284544524054,505.8546571136131,7.36949846468782,0.008188331627430911,344.75332650972365
2618,2020-07-12 09:17:32,22.551470588235293,28.57142857142857,90.00000000000001,4.5,4.5,23.78571428571429,0.0,355.7674650698603,0.0,0.0,0.0
2619,2020-07-12 09:17:33,25.555555555555564,22.625000000000004,175.00000000000006,6.6666666666666705,4.736842105263159,47.50000000000002,273.8440276406713,544.6031589338598,0.0,0.0,96.03356367226063
2620,2020-07-12 09:17:34,24.429577464788732,35.25862068965518,76.25000000000004,,,49.6590909090909,98.0937188434696,481.9292123629113,0.0,0.0,0.0
2621,2020-07-12 09:17:35,29.285714285714313,59.23076923076924,129.99999999999994,4.500000000000001,4.500000000000001,20.740000000000002,34.996975806451616,345.5090725806451,0.0,0.0,742.1633064516128
2622,2020-07-12 09:17:36,29.666666666666682,31.32352941176472,85.83333333333334,4.7368421052631575,4.7368421052631575,44.46428571428573,86.43939393939394,618.4424242424242,0.20707070707070707,0.0,0.0
2623,2020-07-12 09:17:37,45.0,37.10526315789474,55.00000000000001,4.500000000000001,77.50000000000001,37.15517241379312,19.2407960199005,328.4587064676617,0.0,0.0,0.0
2624,2020-07-12 09:17:38,40.69999999999999,40.654761904761905,202.0,4.500000000000001,4.95,39.46428571428572,188.1410129096326,524.4816285998014,0.0,41.20754716981133,169.50148957298907
2625,2020-07-12 09:17:39,68.63636363636363,41.70454545454545,96.56250000000001,6.000000000000014,4.764705882352942,48.6842105263158,0.0,435.6538461538462,0.0,0.0,0.0
2626,2020-07-12 09:17:40,40.22727272727272,28.92857142857144,47.5,4.5,4.750000000000001,41.0294117647059,0.0,369.1198801198801,0.0,0.0,0.0
2627,2020-07-12 09:17:41,77.9166666666667,49.250000000000014,160.00000000000003,4.500000000000001,4.500000000000001,41.554054054054056,14.707556427870463,359.10598626104024,9.42100098135427,0.0,437.2953876349363
2628,2020-07-12 09:17:42,23.681818181818187,203.59375000000003,205.00000000000003,69.99999999999999,4.500000000000001,24.39189189189189,0.0,118.35168195718654,0.0,0.0,0.0
2629,2020-07-12 09:17:43,24.284615384615385,24.765625,57.50000000000005,4.949999999999999,64.99999999999997,45.00000000000001,336.42315369261473,494.5748502994012,0.0,0.0,152.52195608782438
2630,2020-07-12 09:17:44,30.6818181818182,20.640625,91.0,4.500000000000001,4.500000000000001,38.809523809523824,101.25450901803607,561.0931863727455,0.0,0.0,0.0
2631,2020-07-12 09:17:45,41.979166666666664,34.68750000000001,201.25000000000003,4.500000000000001,9.000000000000005,23.692307692307697,38.771,435.372,0.0,0.0,637.034
2632,2020-07-12 09:17:46,39.5,36.63461538461538,92.5,4.500000000000001,4.781250000000001,36.92307692307693,43.23652694610779,586.2584830339322,0.20459081836327345,0.0,0.0
2633,2020-07-12 09:17:47,23.347457627118644,68.60000000000002,145.0000000000001,4.6875,68.75,24.898648648648653,66.173,412.337,0.0,0.0,0.0
2634,2020-07-12 09:17:48,40.50000000000001,21.78947368421053,175.0,4.500000000000001,22.999999999999993,21.5,167.851445663011,203.11864406779665,0.0,41.637088733798606,296.3958125623131
2635,2020-07-12 09:17:49,21.177419354838705,71.94444444444444,137.5,4.500000000000001,35.0,24.190789473684212,0.0,480.2917505030181,0.0,0.0,0.0
2636,2020-07-12 09:17:50,40.128205128205124,194.73684210526315,170.00000000000003,83.75000000000001,78.33333333333336,36.428571428571445,0.0,398.159,0.0,0.0,0.0
2637,2020-07-12 09:17:51,22.887755102040817,56.66666666666666,193.75000000000003,4.500000000000001,4.500000000000001,23.81250000000001,44.63346613545817,525.2878486055777,8.904382470119522,0.0,416.84661354581675
2638,2020-07-12 09:17:52,68.86363636363633,24.85714285714286,209.28571428571428,71.66666666666666,4.821428571428572,40.0,0.0,490.1495983935743,0.0,0.0,0.0
2639,2020-07-12 09:17:53,24.17391304347826,65.2777777777778,165.00000000000006,95.0,64.99999999999999,39.42307692307694,302.2629482071713,465.5249003984064,0.0,0.0,93.93924302788844
2640,2020-07-12 09:17:54,22.51,21.908163265306126,210.0,4.714285714285715,72.50000000000003,23.34782608695652,100.45290581162325,488.73647294589176,0.0,0.0,0.0
2641,2020-07-12 09:17:55,37.14285714285712,54.44444444444444,89.2857142857143,4.500000000000001,11.5,54.33333333333327,31.661661661661665,496.0970970970971,0.0,0.0,688.8638638638639
2642,2020-07-12 09:17:56,64.24999999999999,21.058139534883725,99.0909090909091,4.714285714285715,21.400000000000002,46.551724137931046,7.365477338476375,416.1407907425265,0.19768563162970107,0.0,0.0
2643,2020-07-12 09:17:57,23.71428571428571,22.975,122.50000000000017,,,36.91176470588236,82.14020618556702,410.0608247422681,0.0,0.0,0.0
2644,2020-07-12 09:17:58,31.12500000000002,47.89473684210527,94.28571428571429,4.500000000000001,55.00000000000001,44.95614035087719,249.98793969849245,607.5256281407036,0.0,41.971859296482414,275.48944723618087
2645,2020-07-12 09:17:59,24.485714285714288,42.63888888888889,65.00000000000004,4.500000000000001,4.500000000000001,37.95454545454546,0.0,228.0420841683367,0.0,0.0,0.0
2646,2020-07-12 09:18:00,,,,,,,0.0,0.0,0.0,0.0,0.0
2647,2020-07-12 09:18:01,67.22222222222224,24.869565217391305,,,,86.83333333333334,19.486709440879928,127.24564619615032,7.754353803849679,0.0,407.1704857928506
2648,2020-07-12 09:18:02,73.80952380952382,98.4,160.00000000000003,4.500000000000001,70.00000000000001,28.21428571428572,0.0,329.00217391304346,0.0,0.0,0.0
2649,2020-07-12 09:18:03,63.235294117647086,46.66666666666668,228.33333333333334,85.00000000000001,7.249999999999997,43.33333333333335,226.17540322580646,0.0,0.0,0.0,51.89314516129033
2650,2020-07-12 09:18:04,51.00000000000001,92.00000000000004,91.87500000000001,42.00000000000001,4.949999999999999,85.14285714285715,45.52964042759962,307.76093294460645,0.0,0.0,0.0
2651,2020-07-12 09:18:05,31.875,47.18749999999998,212.5,5.5,7.75,44.85714285714286,44.384932920536635,664.3673890608875,0.0,0.0,499.781217750258
2652,2020-07-12 09:18:06,37.96875000000002,28.43750000000003,218.50000000000003,4.714285714285714,72.50000000000001,38.0921052631579,6.565,414.582,0.205,0.0,0.0
2653,2020-07-12 09:18:07,24.270270270270274,69.04761904761908,205.00000000000003,27.49999999999999,54.99999999999998,52.50000000000008,103.76266137040716,408.408142999007,0.0,0.0,0.0
2654,2020-07-12 09:18:08,32.94117647058825,38.10810810810812,186.25000000000003,73.33333333333333,4.500000000000001,34.89583333333333,129.44346116027532,643.4316617502459,0.0,28.770894788593907,171.92920353982305
2655,2020-07-12 09:18:09,90.17241379310343,85.37037037037038,227.49999999999997,,,91.66666666666667,0.0,522.0983606557377,0.0,0.0,0.0
2656,2020-07-12 09:18:10,27.968750000000043,92.5,193.0,4.500000000000001,84.99999999999999,49.61538461538463,0.0,435.91508491508495,0.0,0.0,0.0
2657,2020-07-12 09:18:11,28.75000000000004,139.5454545454545,95.71428571428572,4.500000000000001,8.000000000000014,29.705882352941206,4.244023904382471,372.9840637450199,8.426294820717132,0.0,415.761952191235
2658,2020-07-12 09:18:12,35.43478260869565,37.34375000000001,82.99999999999999,4.500000000000001,4.500000000000001,39.92424242424243,0.0,360.27738693467336,0.0,0.0,0.0
2659,2020-07-12 09:18:13,35.25,39.61538461538462,170.00000000000003,6.0000000000000036,56.666666666666636,24.46428571428571,256.1093596059114,500.52315270935964,0.0,0.0,159.9881773399015
2660,2020-07-12 09:18:14,23.85,187.85714285714283,88.00000000000001,4.500000000000001,4.500000000000001,20.935483870967733,130.4223541048467,525.9782393669635,0.0,0.0,0.0
2661,2020-07-12 09:18:15,189.03225806451613,108.5714285714288,208.33333333333331,56.66666666666662,77.00000000000003,24.93684210526316,57.39733059548255,0.0,0.0,0.0,703.2895277207392
2662,2020-07-12 09:18:16,92.50000000000006,25.0,137.50000000000006,6.250000000000002,7.249999999999997,24.113636363636374,32.17343904856294,504.19524281466806,0.20317145688800795,0.0,0.0
2663,2020-07-12 09:18:17,54.99999999999996,30.735294117647076,46.78571428571429,4.500000000000001,4.500000000000001,21.346153846153843,66.2929292929293,551.9828282828283,0.0,0.0,0.0
2664,2020-07-12 09:18:18,36.2962962962963,24.5,46.333333333333336,4.500000000000001,5.750000000000002,36.742424242424256,139.18463073852294,442.86526946107784,0.0,42.740518962075846,250.31437125748505
2665,2020-07-12 09:18:19,42.01086956521739,22.06976744186047,50.0,15.25000000000001,4.500000000000001,21.208333333333332,0.0,438.62862862862863,0.0,0.0,0.0
2666,2020-07-12 09:18:20,34.61538461538462,183.4782608695652,207.50000000000003,4.500000000000001,80.0,32.02380952380953,0.0,452.145,0.0,0.0,0.0
2667,2020-07-12 09:18:21,23.56338028169014,75.15625000000001,50.00000000000009,4.5,4.5,23.964788732394368,47.87112887112888,248.45454545454547,9.530469530469533,0.0,618.7142857142858
2668,2020-07-12 09:18:22,81.81818181818181,77.08333333333334,88.33333333333333,4.5,4.5,24.92857142857143,0.0,729.4224652087476,0.0,0.0,0.0
2669,2020-07-12 09:18:23,45.71428571428575,24.0,110.00000000000013,25.0,4.5,23.36184210526316,176.79317269076304,501.956827309237,0.0,0.0,170.43172690763052
2670,2020-07-12 09:18:24,84.14634146341464,52.94117647058825,210.00000000000003,5.0,72.49999999999999,20.618421052631586,245.34002006018054,387.0702106318957,0.0,0.0,0.0
2671,2020-07-12 09:18:25,24.423076923076923,24.870689655172416,218.75000000000003,,,36.36363636363636,73.46023856858847,530.1003976143141,0.0,0.0,470.455268389662
2672,2020-07-12 09:18:26,24.651162790697676,38.333333333333336,115.00000000000021,46.250000000000014,4.65,49.3918918918919,57.46639919759278,516.9909729187563,0.205616850551655,0.0,0.0
2673,2020-07-12 09:18:27,85.83333333333334,40.73529411764707,182.50000000000009,4.95,60.00000000000002,40.0,73.73119358074223,414.1023069207623,0.0,0.0,0.0
2674,2020-07-12 09:18:28,44.13043478260871,24.328947368421055,98.25,4.500000000000001,4.500000000000001,45.625,106.86226964112512,464.1057225994181,0.0,41.79631425800194,244.36372453928226
2675,2020-07-12 09:18:29,60.75000000000002,27.67857142857144,197.5,4.500000000000001,17.5,35.909090909090914,0.0,167.89989680082562,0.0,0.0,0.0
2676,2020-07-12 09:18:30,23.04494382022472,73.44827586206898,94.37500000000001,86.25,4.5,40.55555555555555,0.0,600.1696428571429,0.0,0.0,0.0
2677,2020-07-12 09:18:31,24.709677419354847,23.82352941176471,47.5,4.500000000000001,4.833333333333334,24.740384615384617,51.42598187311179,431.9496475327291,8.882175226586103,0.008056394763343404,428.34239677744205
2678,2020-07-12 09:18:32,23.5,,,,,,0.0,106.88076152304609,0.0,0.0,0.0
2679,2020-07-12 09:18:33,,,,,,,134.02697302697305,0.0,0.0,0.0,171.09190809190812
2680,2020-07-12 09:18:34,88.61111111111111,94.68750000000001,,,,93.82352941176472,174.077,43.095,0.0,0.0,0.0
2681,2020-07-12 09:18:35,231.86567164179107,68.07692307692307,190.0,,,100.00000000000018,0.0,0.0,0.0,0.0,418.3670634920635
2682,2020-07-12 09:18:36,195.45454545454544,69.16666666666669,233.125,4.500000000000001,8.9,84.39024390243901,47.57703349282297,482.2296650717704,0.19617224880382775,0.0,0.0
2683,2020-07-12 09:18:37,124.99999999999994,44.10714285714286,231.99999999999997,10.75,83.8888888888889,89.37500000000003,78.60570824524314,480.2019027484144,0.0,0.0,0.0
2684,2020-07-12 09:18:38,45.489130434782616,23.959183673469386,220.0,4.500000000000001,4.95,30.833333333333343,119.35024875621892,440.8815920398011,0.0,29.11442786069652,210.4805970149254
2685,2020-07-12 09:18:39,56.92307692307697,78.75000000000001,98.05555555555556,,,48.54651162790698,0.0,563.4974974974974,0.0,0.0,0.0
2686,2020-07-12 09:18:40,168.70967741935476,34.300000000000026,185.0,4.500000000000001,15.500000000000018,157.93103448275875,0.0,463.3871614844534,0.0,0.0,0.0
2687,2020-07-12 09:18:41,180.86956521739134,92.75000000000003,216.25,49.16666666666667,81.66666666666667,38.1578947368421,32.405,444.298,6.42,0.0,267.882
2688,2020-07-12 09:18:42,79.50000000000003,139.99999999999997,169.00000000000003,14.499999999999995,36.250000000000014,48.36538461538462,0.0,397.3972055888224,0.0,0.0,0.0
2689,2020-07-12 09:18:43,37.34375000000001,33.74999999999994,47.5,17.5,5.999999999999996,26.5625,197.13426853707415,318.0911823647295,0.0,0.0,122.59118236472946
2690,2020-07-12 09:18:44,46.66666666666667,,,,,44.00000000000001,155.082,0.0,0.0,0.0,0.0
2691,2020-07-12 09:18:45,90.00000000000001,93.50000000000001,235.00000000000003,4.500000000000001,4.500000000000001,80.00000000000001,0.0,26.52,0.0,0.0,555.557
2692,2020-07-12 09:18:46,,,,,,,23.932270916334662,0.0,0.20418326693227093,0.0,0.0
2693,2020-07-12 09:18:47,,,,,,,35.894578313253014,0.0,0.0,0.0,0.0
2694,2020-07-12 09:18:48,95.0,93.33333333333334,,,,95.0,109.76,19.89,0.0,21.812,107.795
2695,2020-07-12 09:18:49,85.90909090909092,47.5,,,,47.5,0.0,19.89,0.0,0.0,0.0
2696,2020-07-12 09:18:50,208.75000000000003,,,,,88.75,0.0,0.0,0.0,0.0,0.0
2697,2020-07-12 09:18:51,95.0,95.0,,,,95.0,16.30769230769231,13.246753246753247,2.517482517482518,0.0,122.03296703296705
2698,2020-07-12 09:18:52,229.99999999999997,8.5,,,,95.0,0.0,0.0,0.0,0.0,0.0
2699,2020-07-12 09:18:53,228.75,9.500000000000002,,,,47.5,17.2997002997003,0.0,0.0,0.0,3.6953046953046957
2700,2020-07-12 09:18:54,,,,,,,16.37,55.546,0.0,0.0,0.0
2701,2020-07-12 09:18:55,23.0,,235.00000000000003,4.500000000000001,4.500000000000001,25.0,0.0,0.0,0.0,0.0,85.05405405405405
2702,2020-07-12 09:18:56,89.50000000000001,208.00000000000003,230.0,4.500000000000001,8.666666666666668,90.35714285714289,10.493506493506494,3.311688311688312,0.20479520479520483,0.0,0.0
2703,2020-07-12 09:18:57,87.00000000000003,90.00000000000001,190.0,,,94.0,11.263,69.615,0.0,0.0,0.0
2704,2020-07-12 09:18:58,65.00000000000006,9.500000000000002,,4.500000000000001,4.500000000000001,76.11111111111113,19.930731707317076,9.702439024390245,0.0,2.5951219512195127,14.635121951219514
2705,2020-07-12 09:18:59,139.99999999999997,188.12500000000003,230.7142857142857,21.31818181818182,17.500000000000004,142.0,0.0,77.34256410256411,0.0,0.0,0.0
2706,2020-07-12 09:19:00,23.75280898876405,89.62686567164181,230.7142857142857,,47.5,68.99999999999997,0.0,463.09909909909913,0.0,0.0,0.0
2707,2020-07-12 09:19:01,23.603448275862075,98.75000000000001,208.75,18.399999999999995,20.499999999999996,38.785714285714285,21.49201596806387,432.7305389221557,2.51497005988024,0.0,81.40319361277446
2708,2020-07-12 09:19:02,66.99999999999997,195.4,93.57142857142858,4.764705882352943,80.00000000000001,49.44444444444444,0.0,333.24027916251254,0.0,0.0,0.0
2709,2020-07-12 09:19:03,34.270833333333364,93.57142857142861,211.42857142857142,,,40.921052631578966,170.04819277108433,638.7088353413654,0.0,0.0,69.10943775100402
2710,2020-07-12 09:19:04,185.38461538461536,226.42857142857142,95.45454545454547,86.66666666666667,48.333333333333336,43.86363636363639,133.67892644135188,249.9423459244533,0.0,0.0,0.0
2711,2020-07-12 09:19:05,22.879310344827594,93.84615384615385,95.0,16.999999999999993,4.500000000000001,41.11111111111113,0.0,390.2726358148893,0.0,0.0,634.2012072434608
2712,2020-07-12 09:19:06,40.74324324324325,94.66666666666669,221.25,21.863636363636367,16.375000000000004,40.3703703703704,10.896414342629482,417.0159362549801,0.20418326693227093,0.0,0.0
2713,2020-07-12 09:19:07,44.081632653061234,170.31249999999997,88.33333333333331,8.833333333333332,7.166666666666665,24.4375,11.140562248995984,442.5321285140562,0.0,0.0,0.0
2714,2020-07-12 09:19:08,24.345454545454547,139.54545454545465,167.50000000000003,,,41.71875000000001,188.367,435.671,0.0,40.166,98.199
2715,2020-07-12 09:19:09,88.25000000000004,220.85714285714286,175.0,4.500000000000001,8.499999999999996,39.44444444444446,0.0,476.994,0.0,0.0,0.0
2716,2020-07-12 09:19:10,43.86363636363636,125.50000000000006,235.00000000000003,122.50000000000006,16.500000000000004,23.000000000000004,0.0,331.251,0.0,0.0,0.0
2717,2020-07-12 09:19:11,,,,,,,68.494,59.046,9.54,0.0,293.397
2718,2020-07-12 09:19:12,47.000000000000014,47.77777777777778,,,,88.23529411764706,0.0,99.045,0.0,0.0,0.0
2719,2020-07-12 09:19:13,96.87500000000001,169.5454545454545,233.63636363636365,80.00000000000001,22.000000000000014,72.00000000000001,158.0425339366516,165.0,0.0,0.0,150.27058823529413
2720,2020-07-12 09:19:14,233.2142857142857,197.0588235294118,235.00000000000003,,,213.68421052631578,86.81223175965664,242.15987124463518,0.0,0.0,0.0
2721,2020-07-12 09:19:15,229.52702702702703,237.8571428571429,245.9090909090909,4.500000000000001,4.500000000000001,153.0769230769231,0.0,0.0,0.0,0.0,630.0072689511942
2722,2020-07-12 09:19:16,24.68902439024391,221.6071428571428,215.00000000000003,97.77777777777777,22.750000000000004,81.95121951219508,14.524743230625585,445.077497665733,0.19140989729225025,0.0,0.0
2723,2020-07-12 09:19:17,46.309523809523824,223.30882352941177,208.00000000000003,6.749999999999995,8.125,66.05263157894738,57.093649085037676,347.1119483315393,0.0,0.0,0.0
2724,2020-07-12 09:19:18,73.12500000000001,219.48275862068965,223.75,89.2857142857143,7.500000000000002,174.31818181818184,170.4237123420797,352.06511175898936,0.0,27.142857142857146,153.55685131195335
2725,2020-07-12 09:19:19,91.29629629629632,96.00000000000001,208.33333333333337,34.375000000000014,34.375000000000014,67.4193548387097,0.0,370.9989701338826,0.0,0.0,0.0
2726,2020-07-12 09:19:20,46.33928571428572,90.36764705882354,224.99999999999997,,,74.1666666666667,0.0,404.62275449101793,0.0,0.0,0.0
2727,2020-07-12 09:19:21,22.075000000000003,201.5384615384615,167.50000000000003,84.99999999999999,7.5,23.766666666666666,40.66833667334669,308.15931863727457,6.372745490981964,0.0,275.90781563126257
2728,2020-07-12 09:19:22,80.0,318.3333333333335,226.5625,4.500000000000001,70.00000000000001,92.64705882352942,0.0,385.839,0.0,0.0,0.0
2729,2020-07-12 09:19:23,49.72222222222222,80.57692307692308,208.75000000000003,10.75,10.0,66.24999999999999,182.77077077077075,423.93193193193196,0.0,0.0,146.3003003003003
2730,2020-07-12 09:19:24,24.3780487804878,135.52631578947378,175.00000000000009,62.500000000000014,62.500000000000014,28.63636363636364,241.4039603960396,492.4049504950495,0.0,0.0,0.0
2731,2020-07-12 09:19:25,34.27083333333334,124.375,93.75,68.75000000000004,7.500000000000007,38.10975609756099,0.0,352.08610567514677,0.0,0.0,692.5968688845401
2732,2020-07-12 09:19:26,42.05357142857144,92.93103448275862,215.0,84.99999999999999,31.25,24.156249999999996,80.3340206185567,267.9659793814433,0.211340206185567,0.0,0.0
2733,2020-07-12 09:19:27,87.36111111111111,151.92307692307705,219.99999999999997,21.700000000000003,25.000000000000092,190.71428571428572,21.776223776223777,384.8761238761239,0.0,0.0,0.0
2734,2020-07-12 09:19:28,42.43589743589743,269.4444444444445,156.2500000000001,9.750000000000002,4.500000000000001,63.571428571428584,142.45390781563128,333.934869739479,0.0,37.31462925851704,112.29559118236473
2735,2020-07-12 09:19:29,40.91666666666667,89.90384615384616,214.00000000000003,67.50000000000003,81.25,87.64705882352942,0.0,472.297,0.0,0.0,0.0
2736,2020-07-12 09:19:30,34.07894736842104,110.71428571428586,197.5,,,85.88235294117652,0.0,411.75775775775776,0.0,0.0,0.0
2737,2020-07-12 09:19:31,41.24999999999999,104.68750000000006,202.0,40.41666666666668,4.500000000000001,36.810344827586235,48.665668662674655,409.59980039920157,9.640718562874252,0.007984031936127744,389.7874251497006
2738,2020-07-12 09:19:32,196.8181818181818,220.6122448979592,235.00000000000003,90.55555555555557,12.25000000000001,152.89473684210523,0.0,318.11011011011016,0.0,0.0,0.0
2739,2020-07-12 09:19:33,41.25,171.40000000000006,230.83333333333331,34.99999999999999,24.25,96.92307692307692,214.95647873392684,436.1770524233433,0.0,0.0,241.44312561819982
2740,2020-07-12 09:19:34,97.14285714285715,93.21428571428572,71.66666666666667,36.24999999999999,24.999999999999993,24.732876712328775,200.75025278058646,634.2507583417594,0.0,0.0,0.0
2741,2020-07-12 09:19:35,35.23809523809524,217.30769230769232,235.00000000000003,18.62500000000001,7.1666666666666705,22.843750000000004,0.0,408.7435129740519,0.0,0.0,738.6736526946107
2742,2020-07-12 09:19:36,39.31818181818181,100.93750000000001,190.0,82.14285714285715,31.25,23.20560747663551,69.02961500493583,468.97828232971375,0.20236920039486678,0.0,0.0
2743,2020-07-12 09:19:37,85.47619047619048,101.50000000000004,208.75000000000006,6.25,13.75,61.33333333333334,54.48934010152284,223.95634517766499,0.0,0.0,0.0
2744,2020-07-12 09:19:38,77.89473684210526,213.3653846153846,190.0,4.500000000000001,,38.57142857142858,157.2275390625,278.8740234375,0.0,41.822265625,75.32421875
2745,2020-07-12 09:19:39,23.74725274725275,176.20000000000002,152.49999999999997,9.75,7.833333333333335,36.333333333333336,0.0,358.0286006128703,0.0,0.0,0.0
2746,2020-07-12 09:19:40,22.76530612244898,102.14285714285724,222.99999999999997,71.66666666666669,9.416666666666666,29.500000000000007,0.0,648.8441558441559,0.0,0.0,0.0
2747,2020-07-12 09:19:41,24.466101694915253,92.18749999999999,235.68181818181816,72.50000000000003,9.66666666666667,23.97368421052632,104.3066132264529,371.8507014028056,8.47695390781563,0.0,240.43587174348696
2748,2020-07-12 09:19:42,21.214285714285715,203.92857142857144,45.00000000000001,45.909090909090914,38.75,40.9375,0.0,464.859,0.0,0.0,0.0
2749,2020-07-12 09:19:43,63.09523809523815,210.625,229.375,40.000000000000036,9.90909090909091,95.31250000000001,188.85214785214788,331.0889110889111,0.0,0.0,315.2777222777223
2750,2020-07-12 09:19:44,41.55405405405406,93.82812500000001,115.00000000000021,,,33.125,110.29689067201605,439.4974924774323,0.0,0.0,0.0
2751,2020-07-12 09:19:45,66.5,87.10526315789475,47.5,35.0,55.000000000000014,87.42424242424244,0.0,233.66302186878727,0.0,0.0,818.8111332007953
2752,2020-07-12 09:19:46,24.874999999999993,94.53125000000001,226.42857142857142,49.375,21.400000000000002,38.92857142857145,108.58658658658659,488.3903903903904,0.20520520520520522,0.0,0.0
2753,2020-07-12 09:19:47,49.16666666666668,81.0294117647059,122.49999999999999,5.500000000000002,35.0,41.60000000000001,148.23740310077517,341.5823643410853,0.0,0.0,0.0
2754,2020-07-12 09:19:48,44.666666666666664,400.0,47.5,4.500000000000001,4.500000000000001,45.00000000000001,87.29002079002079,229.41060291060293,0.0,44.24116424116425,97.82744282744284
2755,2020-07-12 09:19:49,,,,,,,0.0,19.422,0.0,0.0,0.0
2756,2020-07-12 09:19:50,9.500000000000002,47.1875,,,,,0.0,19.870129870129873,0.0,0.0,0.0
2757,2020-07-12 09:19:51,,,,,,,107.778,0.0,7.14,0.0,320.085
2758,2020-07-12 09:19:52,90.00000000000001,47.5,,,,,0.0,13.26,0.0,0.0,0.0
2759,2020-07-12 09:19:53,,9.500000000000002,,,,90.00000000000001,54.714,0.0,0.0,0.0,117.01
2760,2020-07-12 09:19:54,95.0,4.500000000000001,,,,,45.243,0.0,0.0,0.0,0.0
2761,2020-07-12 09:19:55,,,,,,235.00000000000003,0.0,0.0,0.0,0.0,270.964
2762,2020-07-12 09:19:56,,,,,,92.0689655172414,47.926073926073926,0.0,0.20479520479520483,0.0,0.0
2763,2020-07-12 09:19:57,,,,,,,23.374374374374376,0.0,0.0,0.0,0.0
2764,2020-07-12 09:19:58,222.14285714285717,93.00000000000001,,,,235.00000000000003,5.612612612612613,64.81181181181181,0.0,0.26626626626626626,9.873873873873874
2765,2020-07-12 09:19:59,230.96153846153848,195.00000000000003,,,,,0.0,36.50649350649351,0.0,0.0,0.0
2766,2020-07-12 09:20:00,45.62500000000001,79.99999999999999,465.625,,,,0.0,39.34718100890208,0.0,0.0,0.0
2767,2020-07-12 09:20:01,94.76190476190477,,,93.12500000000001,9.000000000000002,214.64285714285714,9.843195266272188,42.5,1.301775147928994,0.0,48.92209072978304
2768,2020-07-12 09:20:02,57.307692307692385,87.66666666666667,196.0,70.00000000000001,70.00000000000001,46.42857142857143,0.0,372.48292682926837,0.0,0.0,0.0
2769,2020-07-12 09:20:03,44.91935483870968,151.81818181818193,224.09090909090912,,,45.51724137931035,39.92984293193717,340.2869109947644,0.0,0.0,49.99267015706807
2770,2020-07-12 09:20:04,140.31249999999994,150.83333333333337,235.00000000000003,86.25000000000001,22.461538461538463,78.39285714285717,73.04422110552764,199.53366834170853,0.0,0.0,0.0
2771,2020-07-12 09:20:05,23.153846153846157,215.67307692307693,219.99999999999997,23.285714285714285,23.3125,84.65517241379311,0.0,311.836,0.0,0.0,305.075
2772,2020-07-12 09:20:06,39.21052631578947,102.14285714285711,235.00000000000003,,,45.48387096774193,27.185700099304867,682.1529294935452,0.20357497517378353,0.0,0.0
2773,2020-07-12 09:20:07,47.87037037037036,161.0714285714286,98.75000000000001,8.916666666666666,78.00000000000001,40.00000000000002,78.91247484909456,354.3631790744467,0.0,0.0,0.0
2774,2020-07-12 09:20:08,24.423076923076923,94.55223880597015,190.0,71.66666666666667,5.500000000000005,63.42105263157896,128.78857715430863,460.1002004008016,0.0,27.18637274549098,140.4869739478958
2775,2020-07-12 09:20:09,91.42857142857143,210.25,208.75000000000006,24.100000000000005,20.50000000000002,86.95652173913052,0.0,338.2567432567433,0.0,0.0,0.0
2776,2020-07-12 09:20:10,73.4375,208.46153846153848,93.75,,,143.8461538461538,0.0,230.709,0.0,0.0,0.0
2777,2020-07-12 09:20:11,40.42857142857142,134.16666666666674,184.00000000000003,71.66666666666669,8.583333333333336,48.40277777777779,57.776,309.115,8.28,0.0,265.152
2778,2020-07-12 09:20:12,24.147727272727277,92.8688524590164,98.46153846153847,45.00000000000002,4.500000000000001,81.52777777777781,0.0,460.13,0.0,0.0,0.0
2779,2020-07-12 09:20:13,32.8125,165.0,207.50000000000003,77.5,81.99999999999999,38.750000000000014,105.356,455.97,0.0,0.0,180.732
2780,2020-07-12 09:20:14,38.75,45.00000000000001,,,,23.5,202.059,104.762,0.0,0.0,0.0
2781,2020-07-12 09:20:15,216.36363636363637,291.6666666666669,235.00000000000003,,,196.75000000000003,0.0,101.52052052052053,0.0,0.0,648.0450450450451
2782,2020-07-12 09:20:16,180.83333333333334,95.00000000000001,233.84615384615384,40.833333333333336,48.75000000000001,74.28571428571433,64.849,227.196,0.205,0.0,0.0
2783,2020-07-12 09:20:17,71.17647058823532,99.35897435897436,226.66666666666666,,,89.27083333333334,104.78421578421579,0.0,0.0,0.0,0.0
2784,2020-07-12 09:20:18,48.47222222222225,123.82352941176488,226.42857142857144,4.764705882352941,87.14285714285714,56.3888888888889,113.66033966033967,434.1678321678322,0.0,31.888111888111894,166.61038961038963
2785,2020-07-12 09:20:19,72.22222222222227,140.58823529411765,233.125,46.25,23.0,71.00000000000003,0.0,369.8198198198198,0.0,0.0,0.0
2786,2020-07-12 09:20:20,29.615384615384627,88.52272727272728,93.07692307692308,27.499999999999993,9.0,41.644736842105274,0.0,410.093,0.0,0.0,0.0
2787,2020-07-12 09:20:21,42.30769230769231,203.1707317073171,80.0,,,36.13636363636363,85.308,455.093,7.2,0.0,265.212
2788,2020-07-12 09:20:22,44.071428571428584,220.65217391304347,92.5,4.500000000000001,31.666666666666675,60.00000000000006,0.0,613.98001998002,0.0,0.0,0.0
2789,2020-07-12 09:20:23,101.87499999999987,205.30612244897955,122.50000000000011,55.00000000000001,7.750000000000001,48.749999999999986,105.35835835835836,314.6916916916917,0.0,0.0,222.5915915915916
2790,2020-07-12 09:20:24,23.416666666666668,182.8571428571428,96.81818181818181,16.0,7.800000000000001,70.37037037037038,162.11343283582093,416.6587064676617,0.0,0.0,0.0
2791,2020-07-12 09:20:25,40.28571428571429,224.61538461538467,99.0625,,,45.75,0.0,427.454,0.0,0.0,680.76
2792,2020-07-12 09:20:26,24.301369863013697,176.55172413793102,202.85714285714286,4.500000000000001,69.99999999999999,34.77272727272729,122.05125628140703,369.5206030150754,0.20603015075376885,0.0,0.0
2793,2020-07-12 09:20:27,23.131578947368425,216.25000000000003,93.75,86.25000000000001,14.000000000000004,70.78947368421053,69.669,357.293,0.0,0.0,0.0
2794,2020-07-12 09:20:28,23.970149253731346,122.5000000000001,211.00000000000003,77.5,9.600000000000001,41.25000000000001,163.487,410.69,0.0,42.56,137.576
2795,2020-07-12 09:20:29,22.672413793103452,95.00000000000003,139.99999999999997,4.500000000000001,24.399999999999995,49.53125000000002,0.0,431.9800399201597,0.0,0.0,0.0
2796,2020-07-12 09:20:30,29.473684210526333,116.99999999999993,93.33333333333336,70.00000000000003,9.333333333333336,24.21511627906977,0.0,373.5941176470588,0.0,0.0,0.0
2797,2020-07-12 09:20:31,24.5,80.1923076923077,137.50000000000006,,,44.375,47.097037793667006,452.77834525025537,9.683350357507662,0.008171603677221653,409.5832482124617
2798,2020-07-12 09:20:32,160.6818181818182,169.4736842105264,195.00000000000003,4.95,6.333333333333335,41.53846153846157,0.0,333.983016983017,0.0,0.0,0.0
2799,2020-07-12 09:20:33,80.0,201.82692307692307,95.00000000000003,4.764705882352942,70.0,41.1607142857143,238.8326653306613,429.46092184368734,0.0,0.0,224.9488977955912
2800,2020-07-12 09:20:34,25.749999999999996,84.25000000000001,218.50000000000003,,,69.06250000000003,218.881,400.276,0.0,0.0,0.0
2801,2020-07-12 09:20:35,38.5294117647059,150.71428571428567,234.99999999999994,30.833333333333343,40.41666666666667,40.92857142857144,0.0,411.5374625374626,0.0,0.0,751.5584415584416
2802,2020-07-12 09:20:36,37.50000000000002,92.98387096774194,88.75000000000001,4.78125,4.78125,43.62903225806451,73.57957957957959,440.11911911911915,0.20520520520520522,0.0,0.0
2803,2020-07-12 09:20:37,22.60714285714286,96.57142857142858,98.5,7.125,13.500000000000002,46.25000000000001,81.55555555555556,162.03603603603602,0.0,0.0,0.0
2804,2020-07-12 09:20:38,197.50000000000006,203.0,232.85714285714286,95.625,71.66666666666667,26.56250000000003,32.212935323383086,356.1313432835821,0.0,42.61293532338309,128.7213930348259
2805,2020-07-12 09:20:39,63.82352941176475,160.71428571428567,221.25,,,76.96428571428572,0.0,385.764824120603,0.0,0.0,0.0
2806,2020-07-12 09:20:40,83.42857142857143,147.99999999999994,175.0,41.42857142857142,20.500000000000004,39.70000000000001,0.0,438.8942115768463,0.0,0.0,0.0
2807,2020-07-12 09:20:41,80.38461538461536,82.77777777777779,160.0,23.714285714285722,9.500000000000002,42.727272727272734,88.38438438438438,383.3043043043043,8.94894894894895,0.0,401.19719719719717
2808,2020-07-12 09:20:42,108.1818181818183,118.00000000000003,175.0,4.500000000000001,21.727272727272727,90.08333333333337,0.0,390.92215568862275,0.0,0.0,0.0
2809,2020-07-12 09:20:43,42.49999999999999,218.77049180327867,202.5,4.500000000000001,4.800000000000002,38.12500000000001,235.4964964964965,314.41841841841847,0.0,0.0,140.68768768768768
2810,2020-07-12 09:20:44,26.36363636363635,96.7857142857143,93.15789473684211,,,48.906250000000014,197.70240480961925,508.65230460921845,0.0,0.0,0.0
2811,2020-07-12 09:20:45,36.08695652173913,75.86956521739133,54.999999999999986,4.891304347826087,8.4375,27.64705882352943,0.0,500.028,0.0,0.0,919.649
2812,2020-07-12 09:20:46,34.90000000000001,92.80821917808221,69.99999999999999,4.821428571428572,4.821428571428572,39.24242424242424,43.24875124875125,406.4355644355645,0.20479520479520483,0.0,0.0
2813,2020-07-12 09:20:47,22.275510204081634,91.66666666666667,87.22222222222223,4.90909090909091,4.90909090909091,39.16666666666667,66.576,340.74,0.0,0.0,0.0
2814,2020-07-12 09:20:48,24.417647058823533,201.7567567567568,175.0,4.5,54.999999999999986,75.8333333333334,180.935,342.916,0.0,42.826,199.925
2815,2020-07-12 09:20:49,42.58064516129032,174.5161290322581,175.0,40.833333333333336,9.750000000000002,45.72222222222222,0.0,472.766,0.0,0.0,0.0
2816,2020-07-12 09:20:50,32.321428571428605,85.68181818181819,92.0,4.500000000000001,4.725,47.63888888888891,0.0,317.87820512820514,0.0,0.0,0.0
2817,2020-07-12 09:20:51,46.15384615384615,98.0,1750.0000000000007,37.500000000000014,75.00000000000003,15.250000000000023,80.37334801762114,315.88436123348015,10.440528634361232,0.0,221.45925110132157
2818,2020-07-12 09:20:52,,,,,,,0.0,25.896,0.0,0.0,0.0
2819,2020-07-12 09:20:53,,92.50000000000001,,,,90.00000000000001,113.33133133133133,42.88988988988989,0.0,0.0,100.25625625625625
2820,2020-07-12 09:20:54,,,,,,,190.1758241758242,0.0,0.0,0.0,0.0
2821,2020-07-12 09:20:55,25.0,47.5,,,,47.5,0.0,0.0,0.0,0.0,554.161
2822,2020-07-12 09:20:56,83.33333333333336,46.66666666666668,,,,145.00000000000003,0.0,0.0,0.20479520479520483,0.0,0.0
2823,2020-07-12 09:20:57,95.0,,,,,95.0,61.68937875751503,6.643286573146293,0.0,0.0,0.0
2824,2020-07-12 09:20:58,,,,,,,42.901098901098905,0.0,0.0,12.223776223776225,68.41858141858143
2825,2020-07-12 09:20:59,47.50000000000001,47.5,,,,47.5,0.0,6.63,0.0,0.0,0.0
2826,2020-07-12 09:21:00,214.37500000000003,9.500000000000002,235.00000000000003,,,235.00000000000003,0.0,0.0,0.0,0.0,0.0
2827,2020-07-12 09:21:01,229.87804878048777,95.0,220.0,5.0,90.00000000000001,224.77272727272728,6.725725725725726,54.0990990990991,0.7207207207207207,0.0,44.066066066066064
2828,2020-07-12 09:21:02,80.62500000000001,93.84615384615385,190.0,,,95.0,0.0,13.65,0.0,0.0,0.0
2829,2020-07-12 09:21:03,22.500000000000004,22.000000000000007,,4.500000000000001,80.00000000000001,71.66666666666669,23.503496503496507,60.380619380619386,0.0,0.0,20.96403596403597
2830,2020-07-12 09:21:04,205.00000000000003,17.499999999999996,235.00000000000003,,,49.772727272727266,21.954235637779945,9.683544303797468,0.0,0.0,0.0
2831,2020-07-12 09:21:05,96.046511627907,203.448275862069,234.375,89.16666666666667,66.66666666666671,225.26595744680853,3.7587268993839835,0.0,0.0,0.0,140.22073921971253
2832,2020-07-12 09:21:06,92.25806451612902,120.76923076923072,91.25,,16.0,49.71428571428572,7.635728542914172,376.7085828343313,0.20459081836327345,0.0,0.0
2833,2020-07-12 09:21:07,44.615384615384635,90.58333333333334,77.50000000000003,4.500000000000001,4.500000000000001,60.769230769230795,40.116349047141426,424.8525576730191,0.0,0.0,0.0
2834,2020-07-12 09:21:08,42.95454545454545,99.48275862068967,90.76923076923079,4.695652173913044,4.500000000000001,69.50000000000001,53.21021021021021,662.876876876877,0.0,14.378378378378379,27.127127127127128
2835,2020-07-12 09:21:09,44.0,115.00000000000003,300.0000000000003,,,87.22222222222227,0.0,415.1968031968033,0.0,0.0,0.0
2836,2020-07-12 09:21:10,173.39285714285714,179.8214285714285,387.50000000000006,35.00000000000004,160.00000000000028,57.249999999999986,0.0,376.77377377377377,0.0,0.0,0.0
2837,2020-07-12 09:21:11,35.5952380952381,178.46153846153842,233.49999999999997,71.25000000000001,24.590909090909093,57.50000000000003,48.91468253968254,125.52480158730158,5.357142857142857,0.0,208.53174603174602
2838,2020-07-12 09:21:12,40.92592592592594,197.22222222222226,238.33333333333337,122.50000000000011,57.500000000000036,62.77777777777779,0.0,606.5297079556899,0.0,0.0,0.0
2839,2020-07-12 09:21:13,23.275862068965516,181.96428571428575,145.00000000000009,25.000000000000046,60.0,23.689655172413797,228.2300796812749,210.04282868525894,0.0,0.0,216.51693227091633
2840,2020-07-12 09:21:14,129.99999999999997,239.50000000000003,93.33333333333334,4.500000000000001,4.500000000000001,186.05263157894743,141.62698412698413,425.84027777777777,0.0,0.0,0.0
2841,2020-07-12 09:21:15,44.77272727272725,273.52941176470586,195.0,35.833333333333336,32.499999999999986,170.1785714285714,0.0,528.3313069908814,0.0,0.0,703.951367781155
2842,2020-07-12 09:21:16,46.70454545454547,93.75000000000003,300.0,88.50000000000003,61.6666666666667,40.49999999999998,20.69887429643527,385.16791744840526,0.1923076923076923,0.0,0.0
2843,2020-07-12 09:21:17,46.388888888888886,168.57142857142858,90.00000000000001,4.500000000000001,4.500000000000001,22.75,66.33048128342246,274.0887700534759,0.0,0.0,0.0
2844,2020-07-12 09:21:18,22.6,22.000000000000004,,,,9.500000000000002,151.439,0.0,0.0,39.102,124.145
2845,2020-07-12 09:21:19,201.25000000000003,98.33333333333334,235.00000000000003,4.500000000000001,4.500000000000001,95.0,0.0,51.329388560157795,0.0,0.0,0.0
2846,2020-07-12 09:21:20,,47.5,,,,47.5,0.0,0.0,0.0,0.0,0.0
2847,2020-07-12 09:21:21,,,,,,,63.25825825825826,0.0,6.306306306306307,0.0,311.64464464464464
2848,2020-07-12 09:21:22,47.5,,,,,47.5,0.0,0.0,0.0,0.0,0.0
2849,2020-07-12 09:21:23,47.40384615384616,47.5,,,,94.67741935483872,99.88622754491017,16.54191616766467,0.0,0.0,54.39321357285429
2850,2020-07-12 09:21:24,,235.00000000000003,,,,95.0,57.626626626626624,16.59159159159159,0.0,0.0,0.0
2851,2020-07-12 09:21:25,82.3076923076923,23.5,95.0,75.00000000000001,85.00000000000001,70.83333333333333,0.0,0.0,0.0,0.0,190.636
2852,2020-07-12 09:21:26,88.0,,233.63636363636365,94.375,9.9,23.369565217391305,9.342,0.0,0.205,0.0,0.0
2853,2020-07-12 09:21:27,,,,,,,9.673,54.541,0.0,0.0,0.0
2854,2020-07-12 09:21:28,123.18181818181823,178.75000000000009,229.375,87.50000000000001,75.00000000000001,159.11764705882356,17.42,23.205,0.0,3.99,24.853
2855,2020-07-12 09:21:29,65.88235294117649,92.16666666666667,227.5,96.66666666666669,13.000000000000004,47.95454545454546,0.0,243.99,0.0,0.0,0.0
2856,2020-07-12 09:21:30,41.38888888888887,86.53846153846156,115.00000000000018,,,45.31250000000001,0.0,428.8793619142573,0.0,0.0,0.0
2857,2020-07-12 09:21:31,199.58333333333334,214.06976744186042,223.33333333333334,60.00000000000003,82.85714285714285,46.41025641025641,64.44734202607823,356.54363089267804,3.309929789368104,0.00802407221664995,144.8816449348044
2858,2020-07-12 09:21:32,41.339285714285715,156.25,234.0,60.000000000000014,9.11111111111111,92.40740740740742,0.0,429.578,0.0,0.0,0.0
2859,2020-07-12 09:21:33,71.90476190476191,89.3220338983051,224.2857142857143,63.333333333333336,70.0,49.537037037037045,108.24424424424424,358.45345345345345,0.0,0.0,65.31831831831832
2860,2020-07-12 09:21:34,23.433333333333334,85.31914893617022,235.00000000000003,4.500000000000001,4.500000000000001,34.16666666666667,176.6407960199005,466.9731343283583,0.0,0.0,0.0
2861,2020-07-12 09:21:35,24.1195652173913,190.60000000000005,190.00000000000003,4.78125,71.66666666666667,37.205882352941174,0.0,298.0290872617853,0.0,0.0,569.7983951855567
2862,2020-07-12 09:21:36,24.080000000000005,112.00000000000016,223.46153846153848,4.92857142857143,85.625,43.011363636363654,39.58882235528942,365.00099800399204,0.20459081836327345,0.0,0.0
2863,2020-07-12 09:21:37,145.74999999999994,221.76470588235298,232.99999999999997,,,85.92592592592594,55.214643931795386,600.6790371113341,0.0,0.0,0.0
2864,2020-07-12 09:21:38,61.428571428571445,98.12500000000003,235.0,45.75,28.75000000000002,60.38461538461545,102.71117705242335,184.2007912957468,0.0,34.46686449060336,149.7952522255193
2865,2020-07-12 09:21:39,44.37500000000006,127.85714285714286,227.5,71.25000000000003,71.25000000000003,91.48148148148145,0.0,497.26415094339626,0.0,0.0,0.0
2866,2020-07-12 09:21:40,36.94444444444444,390.62499999999994,95.00000000000001,19.750000000000018,9.300000000000002,46.34615384615385,0.0,421.29867482161063,0.0,0.0,0.0
2867,2020-07-12 09:21:41,43.333333333333336,90.20833333333333,93.75000000000001,,,77.50000000000001,1.117533718689788,0.0,8.497109826589595,0.0,341.6281310211946
2868,2020-07-12 09:21:42,225.80645161290326,218.37837837837836,235.00000000000003,,,200.83333333333337,0.0,220.03222453222452,0.0,0.0,0.0
2869,2020-07-12 09:21:43,221.60714285714286,215.00000000000003,233.23529411764707,93.23529411764707,71.25000000000001,98.11111111111111,165.0956937799043,201.76746411483253,0.0,0.0,78.68995215311004
2870,2020-07-12 09:21:44,92.77777777777779,163.75000000000006,,,,216.625,197.97004132231407,0.0,0.0,0.0,0.0
2871,2020-07-12 09:21:45,192.43243243243245,99.0217391304348,234.0625,87.85714285714288,71.66666666666669,158.92857142857142,0.0,358.5604395604396,0.0,0.0,633.96003996004
2872,2020-07-12 09:21:46,41.49999999999999,154.5454545454545,218.33333333333331,,,49.24242424242425,52.64935064935066,394.10289710289715,0.20479520479520483,0.0,0.0
2873,2020-07-12 09:21:47,40.50000000000001,92.29166666666669,227.5,8.499999999999998,8.700000000000001,61.11111111111116,52.537525354969574,438.28600405679515,0.0,0.0,0.0
2874,2020-07-12 09:21:48,46.875,214.28571428571428,193.75,71.66666666666669,7.166666666666669,50.76923076923078,137.934,329.132,0.0,31.92,98.914
2875,2020-07-12 09:21:49,55.31249999999998,151.66666666666677,229.7058823529412,83.57142857142857,20.5,69.31034482758623,0.0,446.55055055055055,0.0,0.0,0.0
2876,2020-07-12 09:21:50,24.588235294117652,95.47619047619048,190.0,,,33.46153846153846,0.0,470.07792207792215,0.0,0.0,0.0
2877,2020-07-12 09:21:51,87.4074074074074,89.0909090909091,160.00000000000006,14.50000000000001,57.50000000000002,69.7826086956522,79.201,403.436,6.9,0.0,209.606
2878,2020-07-12 09:21:52,41.59090909090909,47.837837837837846,214.00000000000003,21.75,71.25,42.0,0.0,408.972,0.0,0.0,0.0
2879,2020-07-12 09:21:53,24.79,17.187500000000004,85.00000000000001,4.78125,4.500000000000001,33.05555555555554,39.78654970760234,557.3430799220273,0.0,0.0,97.3196881091618
2880,2020-07-12 09:21:54,24.558823529411764,51.249999999999986,86.66666666666667,19.500000000000018,4.95,41.736111111111114,258.02010050251255,438.72763819095474,0.0,0.0,0.0
2881,2020-07-12 09:21:55,37.01923076923077,96.5,91.25,23.5,4.500000000000001,24.740384615384617,0.0,523.0725971370143,0.0,0.0,1027.2464212678935
2882,2020-07-12 09:21:56,24.685185185185183,24.880952380952383,190.00000000000006,32.5,4.500000000000001,24.000000000000007,54.5974025974026,367.4645354645355,0.20479520479520483,0.0,0.0
2883,2020-07-12 09:21:57,26.000000000000004,108.5714285714285,66.6666666666667,4.500000000000001,46.25,43.333333333333336,158.88346613545818,373.49203187251,0.0,0.0,0.0
2884,2020-07-12 09:21:58,44.34782608695653,24.89830508474576,230.5,78.75,82.99999999999999,23.964285714285715,94.41465863453816,423.2178714859438,0.0,42.730923694779115,81.78915662650603
2885,2020-07-12 09:21:59,23.453846153846158,22.194444444444446,208.75000000000003,77.0,4.928571428571428,21.734177215189877,0.0,312.366,0.0,0.0,0.0
2886,2020-07-12 09:22:00,103.33333333333339,45.40000000000001,75.00000000000001,,,139.54545454545465,0.0,691.591,0.0,0.0,0.0
2887,2020-07-12 09:22:01,40.526315789473685,22.604477611940297,228.57142857142858,4.500000000000001,4.500000000000001,47.343749999999986,153.75546719681907,261.7624254473161,9.840954274353876,0.0,337.55367793240555
2888,2020-07-12 09:22:02,34.499999999999986,92.78846153846155,130.00000000000006,4.928571428571429,71.25000000000003,89.1666666666667,0.0,540.2928786359078,0.0,0.0,0.0
2889,2020-07-12 09:22:03,24.583333333333336,23.532608695652183,210.00000000000003,35.83333333333334,7.875,56.92307692307694,97.6699801192843,483.3717693836978,0.0,0.0,88.89065606361828
2890,2020-07-12 09:22:04,24.856164383561648,42.34848484848487,90.45454545454545,,,81.49999999999999,240.8762575452716,493.7102615694165,0.0,0.0,0.0
2891,2020-07-12 09:22:05,33.43749999999999,197.5,80.99999999999999,4.704545454545455,18.50000000000001,24.606250000000006,0.0,355.2259663032706,0.0,0.0,1009.1496531219029
2892,2020-07-12 09:22:06,21.42553191489362,23.1,95.0,35.83333333333335,4.78125,50.833333333333364,50.72727272727273,498.6454545454545,0.20707070707070707,0.0,0.0
2893,2020-07-12 09:22:07,36.14583333333334,23.2421875,135.00000000000006,20.125000000000007,4.92857142857143,28.45238095238094,161.29659318637275,468.24549098196394,0.0,0.0,0.0
2894,2020-07-12 09:22:08,33.906250000000014,71.90476190476193,85.0,4.78125,57.50000000000002,35.90909090909093,97.03152709359607,509.0709359605912,0.0,41.931034482758626,114.68768472906405
2895,2020-07-12 09:22:09,37.40384615384616,32.875,98.33333333333334,,,85.7142857142858,0.0,473.87335359675785,0.0,0.0,0.0
2896,2020-07-12 09:22:10,24.75,57.8947368421053,206.87500000000003,61.666666666666714,9.785714285714286,38.71621621621621,0.0,353.79825412221146,0.0,0.0,0.0
2897,2020-07-12 09:22:11,37.40000000000001,61.42857142857139,47.22222222222222,57.50000000000001,57.50000000000001,31.250000000000007,86.27329192546584,592.379917184265,9.937888198757765,0.0,346.3768115942029
2898,2020-07-12 09:22:12,23.354166666666668,24.224137931034488,182.49999999999994,13.500000000000004,71.25000000000003,39.93902439024391,0.0,530.8187250996016,0.0,0.0,0.0
2899,2020-07-12 09:22:13,25.66666666666669,36.42857142857145,154.99999999999991,4.500000000000001,33.33333333333335,43.51190476190478,114.08935742971887,482.8263052208835,0.0,0.0,60.71887550200803
2900,2020-07-12 09:22:14,30.535714285714292,55.58823529411773,99.44444444444446,,,38.98148148148149,310.58637709772955,172.71865745310959,0.0,0.0,0.0
2901,2020-07-12 09:22:15,49.193548387096776,24.70535714285714,165.0,4.7368421052631575,46.42857142857142,38.91304347826085,0.0,222.22548028311428,0.0,0.0,1029.5530839231546
2902,2020-07-12 09:22:16,33.52941176470587,24.081632653061227,100.0,75.00000000000001,4.736842105263158,23.588235294117652,55.147147147147145,738.5035035035036,0.20520520520520522,0.0,0.0
2903,2020-07-12 09:22:17,22.87,124.00000000000014,67.50000000000003,10.000000000000027,37.50000000000003,32.89473684210527,122.4835164835165,465.3426573426574,0.0,0.0,0.0
2904,2020-07-12 09:22:18,24.35135135135135,99.44444444444447,221.50000000000003,43.43750000000001,4.500000000000001,46.12903225806452,90.6358208955224,483.08557213930357,0.0,42.34825870646766,197.29054726368162
2905,2020-07-12 09:22:19,22.520408163265305,116.25000000000004,215.71428571428572,55.00000000000001,84.16666666666667,22.619047619047628,0.0,453.79778672032194,0.0,0.0,0.0
2906,2020-07-12 09:22:20,26.499999999999986,214.2857142857143,80.0,,,22.468750000000004,0.0,66.89515331355095,0.0,0.0,0.0
2907,2020-07-12 09:22:21,80.00000000000001,218.125,,,,85.71428571428571,89.38827098078868,67.19514661274013,8.614762386248737,0.0,155.28008088978768
2908,2020-07-12 09:22:22,65.0,223.75,,,,95.0,0.0,6.467532467532468,0.0,0.0,0.0
2909,2020-07-12 09:22:23,95.0,4.500000000000001,,,,115.0,145.67267267267266,0.0,0.0,0.0,87.25025025025025
2910,2020-07-12 09:22:24,47.5,9.500000000000002,,,,47.5,129.229,0.0,0.0,0.0,0.0
2911,2020-07-12 09:22:25,235.00000000000003,,,,,218.33333333333337,0.0,0.0,0.0,0.0,594.957
2912,2020-07-12 09:22:26,95.0,93.75,,,,95.0,43.66166166166166,9.954954954954955,0.20520520520520522,0.0,0.0
2913,2020-07-12 09:22:27,95.0,94.0,,,,95.00000000000001,14.575424575424577,16.55844155844156,0.0,0.0,0.0
2914,2020-07-12 09:22:28,177.72727272727278,9.500000000000002,234.0625,4.78125,71.66666666666669,117.50000000000016,30.014014014014013,0.0,0.0,10.384384384384385,32.073073073073076
2915,2020-07-12 09:22:29,91.03448275862071,219.99999999999997,220.00000000000003,,,214.5454545454546,0.0,174.05894105894106,0.0,0.0,0.0
2916,2020-07-12 09:22:30,70.00000000000003,91.00000000000001,220.0,65.00000000000003,83.33333333333334,107.50000000000018,0.0,0.0,0.0,0.0,0.0
2917,2020-07-12 09:22:31,35.760869565217405,162.2727272727273,114.99999999999986,19.000000000000004,4.500000000000001,48.44594594594595,33.08091908091908,421.4425574425575,1.4385614385614387,0.007992007992007994,46.37462537462538
2918,2020-07-12 09:22:32,101.87499999999987,20.603448275862064,221.66666666666669,4.500000000000001,89.37500000000001,77.00000000000003,0.0,484.028028028028,0.0,0.0,0.0
2919,2020-07-12 09:22:33,22.698630136986303,23.642857142857153,226.66666666666666,63.33333333333335,72.50000000000004,22.925925925925927,66.82317682317684,432.5514485514486,0.0,0.0,38.940059940059946
2920,2020-07-12 09:22:34,172.60000000000002,24.875000000000007,214.37500000000003,,,77.29166666666669,114.399,564.865,0.0,0.0,0.0
2921,2020-07-12 09:22:35,40.00000000000001,76.42857142857146,222.50000000000003,4.725,83.33333333333334,67.7777777777778,0.0,475.831,0.0,0.0,633.669
2922,2020-07-12 09:22:36,22.75,73.80000000000001,233.0,45.5,42.50000000000001,71.95652173913042,35.045,445.693,0.205,0.0,0.0
2923,2020-07-12 09:22:37,36.77083333333333,39.1891891891892,178.75000000000003,79.0,4.725,34.6551724137931,76.22022022022021,656.3213213213213,0.0,0.0,0.0
2924,2020-07-12 09:22:38,31.02941176470588,23.770491803278688,225.0,,,21.75510204081633,83.58928571428571,0.0,0.0,35.36111111111111,32.54464285714286
2925,2020-07-12 09:22:39,77.88461538461539,22.381355932203384,238.26086956521738,44.68750000000001,45.625,24.671232876712335,0.0,309.86934673366835,0.0,0.0,0.0
2926,2020-07-12 09:22:40,42.16666666666666,26.999999999999993,87.50000000000001,84.28571428571429,7.000000000000002,24.184782608695652,0.0,712.577,0.0,0.0,0.0
2927,2020-07-12 09:22:41,142.00000000000017,22.90697674418605,95.0,4.500000000000001,4.500000000000001,28.92857142857143,133.95787362086259,510.1063189568706,9.38816449348044,0.0,179.04413239719156
2928,2020-07-12 09:22:42,184.00000000000003,48.333333333333336,220.0,90.00000000000001,4.500000000000001,21.73529411764706,0.0,36.465,0.0,0.0,0.0
2929,2020-07-12 09:22:43,21.045454545454547,23.5,233.63636363636365,44.00000000000001,45.0,95.00000000000003,151.83616383616385,0.0,0.0,0.0,192.62337662337666
2930,2020-07-12 09:22:44,,,,,,,0.0,0.0,0.0,0.0,0.0
2931,2020-07-12 09:22:45,70.00000000000003,94.64285714285715,,,,95.0,100.22011952191235,0.0,0.0,0.0,660.9551792828685
2932,2020-07-12 09:22:46,,,,,,,90.14658634538152,39.93975903614458,0.20582329317269077,0.0,0.0
2933,2020-07-12 09:22:47,235.00000000000003,93.75,,,,223.75,16.796,9.945,0.0,0.0,0.0
2934,2020-07-12 09:22:48,95.00000000000001,19.000000000000004,,,,95.0,55.716,3.315,0.0,15.96,33.297
2935,2020-07-12 09:22:49,,,,,,,0.0,0.0,0.0,0.0,0.0
2936,2020-07-12 09:22:50,90.9375,23.35,235.00000000000003,4.90909090909091,84.99999999999999,45.833333333333385,0.0,26.23145400593472,0.0,0.0,0.0
2937,2020-07-12 09:22:51,46.904761904761905,17.5,91.25000000000001,,,47.27272727272728,20.22022022022022,104.97097097097097,1.5615615615615617,0.0,37.92392392392392
2938,2020-07-12 09:22:52,162.14285714285722,41.25000000000002,95.0,4.500000000000001,4.500000000000001,45.00000000000001,0.0,0.0,0.0,0.0,0.0
2939,2020-07-12 09:22:53,148.26086956521732,24.111111111111118,233.125,65.00000000000003,90.45454545454547,79.64285714285717,42.697604790419156,207.35928143712576,0.0,0.0,37.399201596806385
2940,2020-07-12 09:22:54,43.15789473684212,31.666666666666668,220.0,,,71.1764705882353,48.649751243781104,487.16318407960205,0.0,0.0,0.0
2941,2020-07-12 09:22:55,36.1607142857143,34.99999999999999,92.50000000000001,34.166666666666664,34.166666666666664,71.05263157894737,0.0,405.8992950654582,0.0,0.0,347.64853977844916
2942,2020-07-12 09:22:56,23.620967741935484,197.75862068965523,197.50000000000006,4.973684210526317,82.50000000000001,37.50000000000001,9.707,489.926,0.205,0.0,0.0
2943,2020-07-12 09:22:57,24.717391304347824,104.99999999999994,209.2857142857143,,,98.63636363636361,31.864864864864863,323.3913913913914,0.0,0.0,0.0
2944,2020-07-12 09:22:58,128.12500000000006,58.33333333333336,95.0,68.33333333333336,68.33333333333336,96.47058823529413,108.3531746031746,556.250992063492,0.0,25.86111111111111,29.694444444444446
2945,2020-07-12 09:22:59,204.60526315789474,41.0,220.0,4.500000000000001,4.973684210526316,81.84782608695654,0.0,495.73313192346427,0.0,0.0,0.0
2946,2020-07-12 09:23:00,34.34210526315791,155.83333333333337,190.0,26.25000000000002,5.500000000000007,81.1764705882353,0.0,383.99,0.0,0.0,0.0
2947,2020-07-12 09:23:01,40.76923076923076,24.318181818181824,90.0,,,77.50000000000004,141.89121756487026,543.8093812375249,7.544910179640718,0.0,181.79740518962078
2948,2020-07-12 09:23:02,23.115384615384613,57.272727272727366,100.0,4.5,4.5,23.590909090909093,0.0,408.42985971943887,0.0,0.0,0.0
2949,2020-07-12 09:23:03,58.23529411764705,102.64705882352952,79.99999999999999,4.500000000000001,52.50000000000004,36.32352941176473,87.342,195.179,0.0,0.0,158.969
2950,2020-07-12 09:23:04,22.07894736842106,38.92857142857144,165.00000000000003,4.7250000000000005,65.00000000000006,23.61904761904762,186.9493041749503,321.4135188866799,0.0,0.0,0.0
2951,2020-07-12 09:23:05,,,,,,,0.0,23.345070422535212,0.0,0.0,907.2505030181087
2952,2020-07-12 09:23:06,80.62500000000001,46.770833333333336,,,,46.99438202247192,52.789,102.765,0.205,0.0,0.0
2953,2020-07-12 09:23:07,162.99999999999997,77.7777777777778,262.50000000000017,84.16666666666667,4.750000000000001,186.25000000000009,92.89114391143912,312.26383763837634,0.0,0.0,0.0
2954,2020-07-12 09:23:08,220.9183673469388,129.9999999999999,235.00000000000003,84.00000000000001,84.00000000000001,215.0,128.2754880694143,0.0,0.0,34.62039045553145,111.49674620390455
2955,2020-07-12 09:23:09,91.60377358490567,178.4090909090909,450.0,,,150.99999999999994,0.0,232.95171026156942,0.0,0.0,0.0
2956,2020-07-12 09:23:10,47.08333333333333,93.6363636363637,230.0,91.66666666666667,4.500000000000001,81.29032258064517,0.0,569.5944055944057,0.0,0.0,0.0
2957,2020-07-12 09:23:11,32.11538461538462,22.785714285714285,1300.0000000000002,43.88888888888889,31.666666666666675,41.54761904761906,83.605,411.672,7.2,0.0,225.329
2958,2020-07-12 09:23:12,79.60000000000005,103.74999999999991,205.00000000000003,43.333333333333336,4.764705882352942,43.92857142857143,0.0,335.31831831831835,0.0,0.0,0.0
2959,2020-07-12 09:23:13,34.70588235294119,23.66935483870968,93.52941176470588,,,84.20000000000003,169.107,620.672,0.0,0.0,84.454
2960,2020-07-12 09:23:14,32.75000000000003,25.624999999999996,208.75,15.250000000000004,13.000000000000016,43.07291666666667,153.05059523809524,495.74801587301585,0.0,0.0,0.0
2961,2020-07-12 09:23:15,67.69230769230772,20.112903225806452,223.75,82.50000000000001,4.500000000000001,50.0,0.0,576.8463054187193,0.0,0.0,739.2896551724139
2962,2020-07-12 09:23:16,73.5714285714286,40.54054054054054,178.0,,,160.71428571428572,62.32650972364381,198.42476970317298,0.2098259979529171,0.0,0.0
2963,2020-07-12 09:23:17,54.761904761904816,23.8,97.69230769230771,55.000000000000014,4.859999999999999,40.18518518518518,55.36553784860558,504.1583665338645,0.0,0.0,0.0
2964,2020-07-12 09:23:18,52.91666666666665,32.63157894736842,95.0,4.500000000000001,4.500000000000001,56.66666666666677,65.57354392892398,566.1194471865746,0.0,33.61105626850938,89.8055281342547
2965,2020-07-12 09:23:19,184.5454545454546,39.35483870967743,225.62500000000003,55.00000000000006,85.00000000000001,190.76923076923075,0.0,91.01117886178862,0.0,0.0,0.0
2966,2020-07-12 09:23:20,37.11538461538463,56.17647058823531,225.625,,,80.74074074074075,0.0,424.32064128256513,0.0,0.0,0.0
2967,2020-07-12 09:23:21,25.96153846153849,29.736842105263175,92.85714285714286,90.71428571428572,6.75,48.984374999999986,53.751717369970564,528.2953876349362,8.30225711481845,0.0,227.68204121687933
2968,2020-07-12 09:23:22,42.583333333333336,189.4,224.49999999999997,12.25,5.5,48.0625,0.0,522.9538763493622,0.0,0.0,0.0
2969,2020-07-12 09:23:23,153.5714285714286,133.52941176470583,94.58333333333334,21.1,15.249999999999996,86.42857142857144,218.72388831437436,355.59255429162357,0.0,0.0,164.15822130299898
2970,2020-07-12 09:23:24,74.1176470588236,38.63636363636364,75.00000000000001,4.78125,82.50000000000001,35.56818181818183,138.32998996990975,420.9739217652959,0.0,0.0,0.0
2971,2020-07-12 09:23:25,94.89361702127661,168.07692307692307,222.30769230769232,37.50000000000001,83.75000000000001,34.047619047619044,92.976,500.198,0.0,0.0,899.606
2972,2020-07-12 09:23:26,32.00000000000003,49.92424242424245,82.50000000000001,4.500000000000001,78.33333333333336,23.524590163934427,76.22079207920792,424.7435643564356,0.20297029702970298,0.0,79.36633663366337
2973,2020-07-12 09:23:27,31.375000000000014,72.50000000000001,163.74999999999994,33.12500000000001,16.000000000000032,36.66666666666666,64.15470171890799,561.9110212335693,0.0,0.0,0.0
2974,2020-07-12 09:23:28,32.625,23.73571428571429,167.49999999999997,4.875,7.999999999999998,37.68518518518519,102.02395209580838,524.3502994011976,0.0,42.4750499001996,163.1916167664671
2975,2020-07-12 09:23:29,25.625000000000053,44.56250000000001,48.5,4.68,4.875000000000001,23.475409836065577,0.0,515.206,0.0,0.0,0.0
2976,2020-07-12 09:23:30,63.611111111111065,74.16666666666671,90.00000000000001,4.846153846153847,23.000000000000007,60.750000000000036,0.0,232.197592778335,0.0,0.0,0.0
2977,2020-07-12 09:23:31,23.74107142857143,39.230769230769276,175.00000000000009,,,61.7857142857143,28.73726273726274,405.30169830169837,9.590409590409593,0.007992007992007994,92.04695304695306
2978,2020-07-12 09:23:32,47.43589743589744,164.0384615384616,190.0,14.50000000000001,73.00000000000001,27.08333333333336,0.0,401.92215568862275,0.0,0.0,0.0
2979,2020-07-12 09:23:33,23.453125,148.46153846153842,47.5,4.500000000000001,4.500000000000001,33.75000000000003,229.30692076228686,540.1935807422267,0.0,0.0,200.20461384152458
2980,2020-07-12 09:23:34,37.962962962962976,63.333333333333364,175.0,75.00000000000001,4.750000000000001,43.33333333333332,248.92507492507497,278.963036963037,0.0,0.0,0.0
2981,2020-07-12 09:23:35,42.01612903225806,29.99999999999995,225.62500000000003,69.99999999999999,4.500000000000001,32.96874999999998,0.0,341.8721278721279,0.0,0.0,1028.4865134865136
2982,2020-07-12 09:23:36,24.85416666666667,84.13793103448278,77.5,83.75000000000001,4.500000000000001,35.83333333333332,80.80019980019982,628.0299700299701,0.20479520479520483,0.0,22.24875124875125
2983,2020-07-12 09:23:37,36.851851851851855,67.49999999999989,218.50000000000003,9.055555555555557,77.50000000000001,51.071428571428584,137.88123752495008,348.82534930139724,0.0,0.0,0.0
2984,2020-07-12 09:23:38,28.461538461538463,24.1375,233.63636363636365,91.87500000000001,9.75,40.83333333333335,64.8925702811245,461.7690763052209,0.0,42.730923694779115,142.55321285140562
2985,2020-07-12 09:23:39,28.750000000000014,23.45081967213115,206.66666666666669,21.250000000000004,30.000000000000036,62.750000000000014,0.0,447.83757338551857,0.0,0.0,0.0
2986,2020-07-12 09:23:40,191.18421052631584,24.146153846153837,96.66666666666669,21.400000000000002,27.500000000000025,46.34615384615386,0.0,449.20756646216773,0.0,0.0,0.0
2987,2020-07-12 09:23:41,33.75,22.05357142857143,175.00000000000009,4.500000000000001,33.75,21.42307692307692,79.18426294820716,677.7370517928288,9.143426294820717,0.0,212.34462151394425
2988,2020-07-12 09:23:42,63.63636363636367,74.44444444444446,167.50000000000003,4.500000000000001,6.499999999999995,46.770833333333314,0.0,426.0612449799197,0.0,0.0,0.0
2989,2020-07-12 09:23:43,62.352941176470594,60.294117647058826,201.25000000000003,4.500000000000001,83.75000000000001,40.50000000000001,203.576,180.771,0.0,0.0,33.171
2990,2020-07-12 09:23:44,45.31250000000001,209.50000000000003,93.0,4.500000000000001,4.500000000000001,23.125,165.991,366.737,0.0,0.0,0.0
2991,2020-07-12 09:23:45,9.500000000000002,234.34782608695653,,,,23.5,0.0,99.711,0.0,0.0,967.592
2992,2020-07-12 09:23:46,232.49999999999997,,,,,22.833333333333336,65.46,0.0,0.205,0.0,11.697
2993,2020-07-12 09:23:47,4.500000000000001,,,4.500000000000001,92.50000000000001,11.499999999999995,73.566,6.63,0.0,0.0,0.0
2994,2020-07-12 09:23:48,9.500000000000002,47.5,235.00000000000003,,,47.5,92.669,0.0,0.0,27.398,118.26
2995,2020-07-12 09:23:49,95.0,,,,,235.00000000000003,0.0,0.0,0.0,0.0,0.0
2996,2020-07-12 09:23:50,228.1818181818182,,95.0,4.500000000000001,4.500000000000001,94.65517241379312,0.0,0.0,0.0,0.0,0.0
2997,2020-07-12 09:23:51,84.99999999999999,9.500000000000002,,,,95.0,27.523523523523522,0.0,3.483483483483483,0.0,154.1081081081081
2998,2020-07-12 09:23:52,93.4375,,95.0,4.500000000000001,4.500000000000001,87.22222222222223,0.0,0.0,0.0,0.0,0.0
2999,2020-07-12 09:23:53,145.00000000000003,224.99999999999997,235.00000000000003,4.500000000000001,4.500000000000001,93.0769230769231,27.351648351648354,122.7932067932068,0.0,0.0,20.71828171828172
3000,2020-07-12 09:23:54,217.85714285714286,95.0,433.33333333333337,90.00000000000001,80.00000000000001,220.00000000000003,6.867,28.269,0.0,0.0,0.0
3001,2020-07-12 09:23:55,163.00000000000003,40.00000000000001,235.00000000000003,,,100.0,23.112,0.0,0.0,0.0,154.034
3002,2020-07-12 09:23:56,205.00000000000003,89.16666666666667,235.00000000000003,4.500000000000001,4.500000000000001,80.58823529411764,6.517964071856288,3.308383233532934,0.20459081836327345,0.0,6.152694610778443
3003,2020-07-12 09:23:57,80.96153846153847,90.29411764705883,226.42857142857144,47.500000000000014,4.95,38.12500000000001,9.616232464929858,426.1753507014028,0.0,0.0,0.0
3004,2020-07-12 09:23:58,35.781250000000014,47.81249999999999,196.42857142857144,,,77.90322580645162,55.407,459.425,0.0,10.906,29.803
3005,2020-07-12 09:23:59,24.092592592592602,32.72727272727272,85.00000000000001,75.83333333333334,4.500000000000001,40.39473684210527,0.0,445.03103103103103,0.0,0.0,0.0
3006,2020-07-12 09:24:00,22.659090909090914,28.52941176470588,92.5,4.95,4.500000000000001,24.662499999999998,0.0,438.9008919722498,0.0,0.0,0.0
3007,2020-07-12 09:24:01,33.38235294117647,81.51515151515154,216.53846153846152,8.875,5.166666666666666,75.3658536585366,74.89117647058823,556.4647058823529,4.705882352941177,0.0,180.65588235294118
3008,2020-07-12 09:24:02,43.06451612903226,97.08333333333334,47.5,,,79.21052631578951,0.0,434.8135942327498,0.0,0.0,0.0
3009,2020-07-12 09:24:03,48.01470588235294,24.4140625,92.5,4.95,4.500000000000001,58.333333333333364,64.43996062992126,440.28248031496065,0.0,0.0,45.7253937007874
3010,2020-07-12 09:24:04,38.75000000000001,24.798780487804883,98.8888888888889,4.6607142857142865,4.6607142857142865,47.84313725490197,0.0,291.80101522842637,0.0,0.0,0.0
3011,2020-07-12 09:24:05,41.50000000000001,22.728571428571428,47.5,4.500000000000001,72.50000000000001,43.07692307692308,144.67467467467466,487.6296296296296,0.0,0.0,733.4064064064064
3012,2020-07-12 09:24:06,38.92857142857142,47.72727272727273,107.50000000000023,,,47.64705882352942,72.90329012961118,459.51345962113663,0.20438683948155537,0.0,69.41774675972084
3013,2020-07-12 09:24:07,23.038461538461544,26.250000000000018,93.21428571428572,4.500000000000001,4.660714285714286,29.166666666666675,107.61918328584996,291.15289648622985,0.0,0.0,0.0
3014,2020-07-12 09:24:08,40.35714285714287,45.0,91.66666666666667,4.95,49.166666666666664,34.99999999999998,89.93756613756615,135.23386243386244,0.0,41.94074074074074,100.41904761904762
3015,2020-07-12 09:24:09,42.61904761904762,61.000000000000064,,,,89.54545454545455,0.0,160.99411187438668,0.0,0.0,0.0
3016,2020-07-12 09:24:10,215.65789473684214,49.31818181818182,,25.0,4.8,155.3846153846154,0.0,140.24158415841586,0.0,0.0,0.0
3017,2020-07-12 09:24:11,66.24999999999999,92.50000000000001,227.10526315789477,40.50000000000001,4.875000000000001,194.61538461538464,195.03497942386832,205.2335390946502,7.530864197530865,0.0,186.38683127572017
3018,2020-07-12 09:24:12,34.625,89.65116279069768,93.75,89.00000000000001,4.500000000000001,45.650000000000006,0.0,435.9064676616916,0.0,0.0,0.0
3019,2020-07-12 09:24:13,43.41463414634148,72.57142857142858,197.5,4.846153846153847,57.5,87.69230769230771,54.28851815505398,485.928361138371,0.0,0.0,129.04906771344457
3020,2020-07-12 09:24:14,41.69642857142856,46.92307692307694,46.875,62.5,4.846153846153847,45.00000000000003,233.22068965517244,464.6453201970444,0.0,0.0,0.0
3021,2020-07-12 09:24:15,31.25000000000003,21.92105263157895,23.5,4.500000000000001,5.500000000000002,20.500000000000004,0.0,253.11375387797312,0.0,0.0,712.3898655635988
3022,2020-07-12 09:24:16,24.829545454545464,22.26923076923077,95.50000000000001,4.6607142857142865,34.166666666666686,23.933593750000004,37.005025125628144,394.1829145728643,0.20603015075376885,0.0,39.13065326633166
3023,2020-07-12 09:24:17,23.753846153846155,24.571428571428577,217.00000000000003,4.500000000000001,86.25000000000001,40.11904761904761,34.71543086172345,641.4909819639279,0.0,0.0,0.0
3024,2020-07-12 09:24:18,33.81578947368421,142.1428571428572,208.75000000000006,,,49.43181818181819,124.14985014985015,452.18781218781226,0.0,34.27972027972029,147.11988011988015
3025,2020-07-12 09:24:19,23.008620689655167,45.42857142857143,93.75,17.87500000000001,25.833333333333332,49.605263157894726,0.0,208.6206206206206,0.0,0.0,0.0
3026,2020-07-12 09:24:20,22.79285714285714,22.9,46.66666666666667,4.500000000000001,9.500000000000002,24.739130434782616,0.0,408.9219219219219,0.0,0.0,0.0
3027,2020-07-12 09:24:21,23.98214285714286,27.67857142857143,80.0,4.673076923076923,4.500000000000001,39.270833333333336,133.118,496.506,9.48,0.0,254.239
3028,2020-07-12 09:24:22,23.30263157894737,195.0,212.50000000000003,4.500000000000001,82.50000000000001,21.513513513513516,0.0,256.1643564356436,0.0,0.0,0.0
3029,2020-07-12 09:24:23,32.61904761904764,32.89473684210529,85.00000000000001,4.500000000000001,4.500000000000001,22.92647058823529,76.01715438950555,575.6841574167508,0.0,0.0,177.67204843592333
3030,2020-07-12 09:24:24,21.812500000000007,28.529411764705895,91.50000000000001,5.9999999999999964,5.500000000000007,35.0,6.171,479.002,0.0,0.0,0.0
3031,2020-07-12 09:24:25,23.73376623376624,28.81578947368424,175.0,4.500000000000001,4.500000000000001,32.916666666666636,393.89689689689686,479.56056056056053,0.0,0.0,841.9629629629629
3032,2020-07-12 09:24:26,22.218750000000004,22.838235294117652,202.0,4.5,76.25,23.71739130434782,37.06986027944112,524.688622754491,0.20459081836327345,0.0,110.24151696606786
3033,2020-07-12 09:24:27,34.04761904761906,41.33333333333335,99.5,4.500000000000001,26.250000000000004,30.921052631578934,0.3083083083083083,462.2752752752753,0.0,0.0,0.0
3034,2020-07-12 09:24:28,187.3529411764706,46.10000000000001,165.0,4.5,4.764705882352942,20.794642857142858,193.98414271555998,538.769078295342,0.0,42.180376610505455,165.31020812685827
3035,2020-07-12 09:24:29,40.234375,80.99999999999994,89.0,16.0,35.833333333333336,24.04310344827587,0.0,437.904137235116,0.0,0.0,0.0
3036,2020-07-12 09:24:30,34.60526315789473,23.30851063829788,205.00000000000003,4.500000000000001,43.75000000000001,19.81818181818182,0.0,421.905,0.0,0.0,0.0
3037,2020-07-12 09:24:31,23.59,23.35000000000001,90.00000000000001,4.500000000000001,70.0,30.000000000000025,61.23283582089553,369.6388059701493,9.791044776119405,0.007960199004975126,266.571144278607
3038,2020-07-12 09:24:32,32.04545454545456,46.71052631578947,93.99999999999999,4.500000000000001,4.500000000000001,22.684782608695656,0.0,525.7344064386318,0.0,0.0,0.0
3039,2020-07-12 09:24:33,150.52631578947367,49.4791666666667,208.00000000000003,4.500000000000001,4.500000000000001,90.00000000000006,84.1898101898102,520.0759240759241,0.0,0.0,75.07092907092908
3040,2020-07-12 09:24:34,65.23809523809526,29.30555555555555,89.58333333333333,4.500000000000001,4.90909090909091,30.113636363636367,0.0,266.961,0.0,0.0,0.0
3041,2020-07-12 09:24:35,24.250000000000004,36.099999999999994,92.50000000000001,4.500000000000001,30.000000000000007,23.766129032258068,281.504,413.838,0.0,0.0,957.43
3042,2020-07-12 09:24:36,23.77272727272728,22.196721311475414,80.0,4.500000000000001,4.695652173913044,33.92857142857138,70.17624521072797,501.35536398467434,0.19636015325670497,0.0,4.724137931034483
3043,2020-07-12 09:24:37,69.5,90.86206896551725,230.90909090909093,4.500000000000001,4.8,200.56818181818187,99.14446721311475,154.5543032786885,0.0,0.0,0.0
3044,2020-07-12 09:24:38,40.92592592592595,37.083333333333336,186.24999999999997,,,46.55172413793106,128.63654618473896,559.2710843373494,0.0,42.730923694779115,260.3212851405622
3045,2020-07-12 09:24:39,24.790697674418606,92.00000000000006,122.50000000000006,4.500000000000001,4.695652173913044,42.76785714285714,0.0,482.8260427263479,0.0,0.0,0.0
3046,2020-07-12 09:24:40,61.999999999999986,32.954545454545446,76.66666666666669,4.500000000000001,4.500000000000001,30.000000000000014,0.0,453.47670961347876,0.0,0.0,0.0
3047,2020-07-12 09:24:41,24.360000000000007,22.38028169014084,160.0,4.500000000000001,4.500000000000001,24.231707317073173,113.31663326653307,360.21543086172346,9.438877755511022,0.0,390.7234468937876
3048,2020-07-12 09:24:42,42.15277777777778,92.3611111111111,96.66666666666669,4.500000000000001,86.66666666666667,44.296875,0.0,607.7957746478874,0.0,0.0,0.0
3049,2020-07-12 09:24:43,21.142857142857142,22.814285714285717,77.5,4.500000000000001,35.00000000000001,23.89,114.36,522.332,0.0,0.0,228.763
3050,2020-07-12 09:24:44,21.686046511627907,21.852459016393446,86.0,4.714285714285714,5.25,54.70588235294119,0.0,565.3393393393393,0.0,0.0,0.0
3051,2020-07-12 09:24:45,21.806451612903224,39.2741935483871,91.42857142857143,40.0,4.78125,38.21428571428573,159.90909090909093,530.7542457542457,0.0,0.0,549.5614385614385
3052,2020-07-12 09:24:46,49.72222222222222,90.25000000000001,160.0,4.500000000000001,55.00000000000001,43.875,62.65765765765766,129.16616616616616,0.20520520520520522,0.0,57.106106106106104
3053,2020-07-12 09:24:47,84.99999999999999,24.35714285714286,205.00000000000003,,,23.500000000000004,179.21678321678323,0.0,0.0,0.0,0.0
3054,2020-07-12 09:24:48,231.25,190.00000000000003,230.0,4.500000000000001,4.500000000000001,45.16666666666667,134.754,26.52,0.0,35.378,121.872
3055,2020-07-12 09:24:49,38.125000000000014,4.500000000000001,47.5,4.500000000000001,4.500000000000001,8.5,0.0,0.0,0.0,0.0,0.0
3056,2020-07-12 09:24:50,,,,,,,0.0,0.0,0.0,0.0,0.0
3057,2020-07-12 09:24:51,227.5,47.29166666666667,,,,,0.681,33.15,5.76,0.0,168.03
3058,2020-07-12 09:24:52,17.5,9.000000000000002,227.5,4.500000000000001,92.5,87.69230769230771,43.69069069069069,0.0,0.0,0.0,0.0
3059,2020-07-12 09:24:53,,95.0,235.00000000000003,4.500000000000001,4.500000000000001,234.14285714285717,77.909,13.26,0.0,0.0,187.294
3060,2020-07-12 09:24:54,232.5,9.250000000000002,,,,,0.0,3.311688311688312,0.0,0.0,0.0
3061,2020-07-12 09:24:55,232.75,,,,,228.33333333333334,19.529,0.0,0.0,0.0,189.874
3062,2020-07-12 09:24:56,,,,,,,11.909,120.449,0.205,0.0,24.039
3063,2020-07-12 09:24:57,95.0,97.50000000000001,459.375,,,94.61538461538463,14.982982982982984,63.048048048048045,0.0,0.0,0.0
3064,2020-07-12 09:24:58,212.77777777777777,46.875,2200.0,91.87500000000001,4.500000000000001,45.53571428571428,13.552447552447555,0.0,0.0,6.90909090909091,20.04495504495505
3065,2020-07-12 09:24:59,68.0,82.3529411764706,219.99999999999997,4.500000000000001,4.500000000000001,90.29411764705884,0.0,0.0,0.0,0.0,0.0
3066,2020-07-12 09:25:00,28.593749999999993,22.973684210526322,91.00000000000001,83.99999999999999,4.500000000000001,40.00000000000002,0.0,507.10204081632656,0.0,0.0,0.0
3067,2020-07-12 09:25:01,34.130434782608724,21.142857142857142,83.74999999999999,4.500000000000001,24.249999999999996,37.109375000000014,72.16122650840752,407.03758654797235,3.3234421364985165,0.0,118.70623145400594
3068,2020-07-12 09:25:02,49.078947368421034,44.921875,223.33333333333331,77.50000000000003,55.00000000000005,24.446153846153848,0.0,487.52674066599394,0.0,0.0,0.0
3069,2020-07-12 09:25:03,28.833333333333364,45.45454545454547,99.44444444444444,4.95,7.000000000000002,44.88636363636365,30.50651955867603,535.4623871614845,0.0,0.0,108.97793380140422
3070,2020-07-12 09:25:04,39.11764705882352,27.03125000000002,197.5,4.5,5.499999999999998,34.23076923076923,0.0,530.189,0.0,0.0,0.0
3071,2020-07-12 09:25:05,31.805555555555546,23.90243902439024,83.8888888888889,13.000000000000002,4.500000000000001,35.92592592592591,57.007007007007005,537.5515515515516,0.0,0.0,440.7027027027027
3072,2020-07-12 09:25:06,39.423076923076934,68.1818181818182,88.33333333333333,4.5,4.500000000000001,52.49999999999998,28.71812749003984,467.3446215139442,0.20418326693227093,0.0,29.03784860557769
3073,2020-07-12 09:25:07,23.29545454545455,20.791666666666675,215.71428571428575,,,30.33333333333334,123.3430290872618,442.76930792377135,0.0,0.0,0.0
3074,2020-07-12 09:25:08,22.230769230769234,63.750000000000114,122.50000000000006,23.5,8.875000000000002,29.880952380952376,180.771,512.961,0.0,37.506,114.867
3075,2020-07-12 09:25:09,62.18750000000005,23.46052631578948,215.0,4.999999999999999,4.95,23.12500000000001,0.0,546.8983050847459,0.0,0.0,0.0
3076,2020-07-12 09:25:10,28.000000000000004,21.035714285714292,,,,42.49999999999999,0.0,45.09018036072145,0.0,0.0,0.0
3077,2020-07-12 09:25:11,231.5,222.72727272727275,,,,222.8125,226.10752688172047,32.40469208211144,7.565982404692083,0.0,205.5620723362659
3078,2020-07-12 09:25:12,202.85714285714283,45.62500000000001,220.0,4.982142857142858,16.000000000000032,83.79999999999995,0.0,177.546571136131,0.0,0.0,0.0
3079,2020-07-12 09:25:13,184.50000000000003,169.375,231.5,4.500000000000001,19.749999999999996,23.983870967741925,67.14870259481039,565.7175648702595,0.0,0.0,314.4451097804391
3080,2020-07-12 09:25:14,67.27272727272732,24.25,190.00000000000003,4.500000000000001,4.500000000000001,23.885714285714286,0.0,0.0,0.0,0.0,0.0
3081,2020-07-12 09:25:15,34.68750000000002,43.33333333333332,232.1153846153846,84.00000000000001,17.20000000000001,46.17816091954023,92.60339660339662,528.2767232767233,0.0,0.0,632.7022977022978
3082,2020-07-12 09:25:16,37.8125,23.545454545454547,1449.9999999999993,6.0,20.8,32.50000000000001,53.181636726546905,474.47704590818364,0.20459081836327345,0.0,42.84131736526946
3083,2020-07-12 09:25:17,30.833333333333343,38.36206896551724,163.75000000000006,30.0,4.800000000000001,119.77272727272735,86.77689243027888,457.3356573705179,0.0,0.0,0.0
3084,2020-07-12 09:25:18,39.895833333333336,37.49999999999998,170.00000000000003,4.695652173913044,4.909090909090909,61.666666666666686,127.05252725470764,561.0555004955402,0.0,28.208126858275524,170.5203171456888
3085,2020-07-12 09:25:19,54.33333333333336,59.09090909090902,190.0,4.5,4.5,97.91666666666673,0.0,514.6962663975783,0.0,0.0,0.0
3086,2020-07-12 09:25:20,40.56818181818183,86.24999999999997,92.14285714285715,4.500000000000001,4.5,44.54918032786887,0.0,364.40684793554885,0.0,0.0,0.0
3087,2020-07-12 09:25:21,44.391891891891895,23.025,91.66666666666667,4.500000000000001,4.500000000000001,31.33333333333334,168.32067932067935,616.9740259740261,9.350649350649352,0.0,213.91208791208794
3088,2020-07-12 09:25:22,56.81818181818181,21.447368421052648,90.00000000000001,,4.500000000000001,29.000000000000004,0.0,493.1890547263682,0.0,0.0,0.0
3089,2020-07-12 09:25:23,25.000000000000025,26.333333333333357,196.42857142857144,6.666666666666666,4.68,53.40909090909091,163.8108651911469,470.5362173038229,0.0,0.0,274.3189134808853
3090,2020-07-12 09:25:24,28.281250000000018,23.499999999999993,93.12500000000001,77.50000000000001,75.0,24.637931034482758,71.66439688715953,520.8511673151751,0.0,0.0,0.0
3091,2020-07-12 09:25:25,24.277777777777782,46.999999999999986,300.00000000000006,24.100000000000005,20.500000000000004,29.444444444444468,0.0,363.6099796334012,0.0,0.0,670.2230142566192
3092,2020-07-12 09:25:26,24.687500000000007,186.25000000000003,241.00000000000006,80.71428571428572,73.00000000000001,24.12068965517241,148.14585414585414,298.65134865134866,0.20479520479520483,0.0,96.34165834165834
3093,2020-07-12 09:25:27,40.41666666666668,128.84615384615378,83.74999999999999,22.749999999999996,7.833333333333333,32.638888888888914,89.8766041461007,395.1668311944719,0.0,0.0,0.0
3094,2020-07-12 09:25:28,36.09374999999998,48.785714285714285,212.50000000000003,,,71.31578947368425,122.01738241308793,351.78118609406954,0.0,46.237218813905926,145.34867075664621
3095,2020-07-12 09:25:29,23.125000000000007,23.80821917808219,214.99999999999997,22.900000000000002,4.859999999999999,38.38235294117647,0.0,596.1739562624253,0.0,0.0,0.0
3096,2020-07-12 09:25:30,37.95454545454546,34.60526315789475,209.28571428571436,87.0,67.49999999999999,43.18181818181818,0.0,475.39264413518885,0.0,0.0,0.0
3097,2020-07-12 09:25:31,165.25000000000006,39.913793103448285,130.00000000000006,4.500000000000001,5.7500000000000036,47.241379310344826,127.96060606060607,492.0272727272727,8.363636363636363,0.00808080808080808,337.45757575757574
3098,2020-07-12 09:25:32,81.28571428571429,23.81818181818182,228.57142857142856,45.35714285714286,33.75,30.694444444444457,0.0,0.0,0.0,0.0,0.0
3099,2020-07-12 09:25:33,27.205882352941195,23.918604651162788,100.00000000000018,4.714285714285714,4.500000000000001,32.27272727272728,120.26467661691542,590.3383084577115,0.0,0.0,263.38407960199004
3100,2020-07-12 09:25:34,22.9,22.49180327868853,90.00000000000001,17.500000000000007,4.875,22.837209302325586,0.0,439.31758793969846,0.0,0.0,0.0
3101,2020-07-12 09:25:35,30.38461538461538,76.87499999999999,92.14285714285715,4.500000000000001,9.250000000000004,81.66666666666664,117.377,499.438,0.0,0.0,686.775
3102,2020-07-12 09:25:36,83.90243902439026,31.25000000000003,216.25000000000003,86.50000000000001,9.15,43.02631578947369,126.75924075924077,473.24575424575426,0.20479520479520483,0.0,138.15884115884117
3103,2020-07-12 09:25:37,26.59090909090917,93.33333333333334,99.0,4.500000000000001,4.875000000000001,22.950000000000003,126.10510510510511,509.3333333333333,0.0,0.0,0.0
3104,2020-07-12 09:25:38,34.10714285714286,31.617647058823543,187.85714285714283,4.500000000000001,85.00000000000001,32.083333333333336,106.21428571428571,457.91567460317464,0.0,39.31944444444444,71.10714285714286
3105,2020-07-12 09:25:39,23.542857142857144,92.22222222222224,45.00000000000001,70.00000000000001,60.00000000000003,24.3265306122449,0.0,420.39819458375126,0.0,0.0,0.0
3106,2020-07-12 09:25:40,47.04545454545452,20.52586206896552,194.28571428571433,78.33333333333336,4.500000000000001,41.66666666666667,0.0,510.6945525291829,0.0,0.0,0.0
3107,2020-07-12 09:25:41,22.853448275862068,23.766666666666666,217.5,4.500000000000001,47.81250000000001,37.890625000000014,216.25336091003103,456.85625646328856,10.051706308169598,0.0,409.9586349534643
3108,2020-07-12 09:25:42,39.35185185185186,76.92307692307693,90.00000000000001,78.33333333333334,83.75000000000001,27.884615384615397,0.0,491.1756487025948,0.0,0.0,0.0
3109,2020-07-12 09:25:43,58.75000000000004,23.561224489795922,228.25000000000003,,,65.00000000000001,67.38916750250752,536.2998996990973,0.0,0.0,241.84653961885655
3110,2020-07-12 09:25:44,62.00000000000013,19.45348837209302,231.25,66.25000000000003,43.928571428571445,46.38157894736842,0.0,357.9442231075697,0.0,0.0,0.0
3111,2020-07-12 09:25:45,36.85185185185184,28.611111111111114,233.49999999999997,78.33333333333334,4.500000000000001,41.91176470588237,205.82146439317955,617.1193580742226,0.0,0.0,639.0260782347041
3112,2020-07-12 09:25:46,22.458333333333336,23.173913043478265,187.5,66.25000000000001,32.50000000000002,39.57142857142858,70.848,292.972,0.205,0.0,135.108
3113,2020-07-12 09:25:47,97.72727272727273,41.833333333333336,190.00000000000006,,,45.384615384615394,157.45445445445444,285.75275275275277,0.0,0.0,0.0
3114,2020-07-12 09:25:48,92.67857142857143,84.99999999999999,,4.500000000000001,4.500000000000001,93.15789473684212,84.29970029970032,0.0,0.0,41.98601398601399,68.95904095904096
3115,2020-07-12 09:25:49,47.5,77.5,,,,92.14285714285715,0.0,66.3,0.0,0.0,0.0
3116,2020-07-12 09:25:50,24.294117647058822,22.5,,,,47.5,0.0,0.0,0.0,0.0,0.0
3117,2020-07-12 09:25:51,,,,,,,136.625,0.0,6.36,0.0,243.246
3118,2020-07-12 09:25:52,47.5,9.500000000000002,,,,94.21052631578948,0.0,0.0,0.0,0.0,0.0
3119,2020-07-12 09:25:53,229.18367346938777,94.44444444444444,,,,91.78571428571429,37.81,23.205,0.0,0.0,158.423
3120,2020-07-12 09:25:54,225.5263157894737,9.500000000000002,460.7142857142857,92.14285714285715,4.95,133.0,0.0,0.0,0.0,0.0,0.0
3121,2020-07-12 09:25:55,47.5,49.49999999999999,,,,85.625,51.18063872255489,0.0,0.0,0.0,256.4061876247505
3122,2020-07-12 09:25:56,136.42857142857142,212.49999999999997,232.5,8.000000000000002,4.846153846153847,87.50000000000003,6.702297702297703,425.02797202797206,0.20479520479520483,0.0,7.226773226773227
3123,2020-07-12 09:25:57,123.1818181818182,32.81250000000002,230.58823529411768,9.1,4.821428571428571,72.72727272727273,35.49599198396793,444.96793587174346,0.0,0.0,0.0
3124,2020-07-12 09:25:58,47.35714285714286,24.485714285714284,231.66666666666669,90.0,80.0,37.72727272727275,45.836557059961315,205.68762088974853,0.0,10.804642166344294,39.07640232108317
3125,2020-07-12 09:25:59,44.0909090909091,22.42000000000001,231.78571428571428,,,45.41666666666667,0.0,860.2980671414039,0.0,0.0,0.0
3126,2020-07-12 09:26:00,41.80555555555558,24.421052631578952,230.0,11.500000000000004,4.666666666666667,37.890625,0.0,0.0,0.0,0.0,0.0
3127,2020-07-12 09:26:01,24.79878048780488,58.91304347826086,98.33333333333334,4.846153846153847,65.00000000000003,45.65789473684208,136.73141724479686,499.77106045589693,4.876114965312191,0.0,203.7482656095144
3128,2020-07-12 09:26:02,21.880000000000003,22.571428571428577,130.00000000000009,19.000000000000004,4.68,41.41304347826088,0.0,483.167507568113,0.0,0.0,0.0
3129,2020-07-12 09:26:03,75.37037037037038,96.92307692307702,185.00000000000006,75.00000000000003,4.500000000000001,22.4875,101.1048951048951,484.7172827172828,0.0,0.0,113.8761238761239
3130,2020-07-12 09:26:04,39.4375,103.15789473684224,225.35714285714286,34.99999999999999,7.999999999999998,71.15384615384619,121.03996003996006,475.8511488511489,0.0,0.0,0.0
3131,2020-07-12 09:26:05,45.125,23.097560975609763,223.75,71.25000000000003,9.750000000000002,40.16666666666668,0.0,339.77054108216436,0.0,0.0,653.6032064128257
3132,2020-07-12 09:26:06,22.875000000000007,91.8181818181818,214.00000000000003,4.500000000000001,83.75,23.684615384615384,19.174302788844624,541.7808764940239,0.20418326693227093,0.0,82.88446215139442
3133,2020-07-12 09:26:07,78.00000000000003,73.63636363636367,220.0,4.500000000000001,84.99999999999999,29.28571428571426,82.79899497487436,422.6472361809045,0.0,0.0,0.0
3134,2020-07-12 09:26:08,78.33333333333337,172.85714285714283,175.00000000000009,4.500000000000001,4.500000000000001,86.73913043478262,146.53146853146853,59.61038961038962,0.0,37.73426573426574,164.18181818181822
3135,2020-07-12 09:26:09,36.97368421052631,23.636363636363637,231.53846153846152,36.875000000000014,44.37500000000001,198.0232558139535,0.0,171.6946564885496,0.0,0.0,0.0
3136,2020-07-12 09:26:10,149.99999999999997,88.75000000000003,204.99999999999997,40.00000000000001,50.0,56.999999999999964,0.0,96.8893528183716,0.0,0.0,0.0
3137,2020-07-12 09:26:11,184.10714285714286,88.75000000000013,99.375,,,94.86111111111113,144.87826961770625,0.0,7.907444668008048,0.0,223.88832997987927
3138,2020-07-12 09:26:12,99.58904109589042,132.14285714285725,232.85714285714286,40.00000000000001,35.000000000000014,81.07142857142854,0.0,647.3768693918246,0.0,0.0,0.0
3139,2020-07-12 09:26:13,42.303921568627445,75.81081081081082,233.84615384615384,83.125,36.50000000000001,54.11764705882358,109.17282717282718,385.6763236763237,0.0,0.0,163.45554445554447
3140,2020-07-12 09:26:14,45.00000000000002,24.644736842105267,92.14285714285715,4.500000000000001,4.875,39.199999999999996,0.0,560.3911735205617,0.0,0.0,0.0
3141,2020-07-12 09:26:15,87.28571428571432,24.58870967741935,95.0,,,43.38888888888889,128.49799599198397,506.6653306613226,0.0,0.0,542.6032064128257
3142,2020-07-12 09:26:16,40.32894736842106,85.45454545454554,94.16666666666667,18.0,10.999999999999996,48.36538461538465,25.781437125748504,349.7744510978044,0.20459081836327345,0.0,117.50299401197604
3143,2020-07-12 09:26:17,34.31818181818183,69.28571428571432,232.27272727272728,42.49999999999999,24.5,54.61538461538462,105.59719438877755,546.6713426853707,0.0,0.0,0.0
3144,2020-07-12 09:26:18,33.12500000000001,105.99999999999983,88.75000000000001,4.673076923076923,4.875000000000001,44.810606060606055,106.80219780219781,455.3156843156844,0.0,32.68531468531469,120.52847152847154
3145,2020-07-12 09:26:19,36.08695652173913,24.877551020408166,82.50000000000001,4.500000000000001,4.500000000000001,44.375,0.0,406.7007007007007,0.0,0.0,0.0
3146,2020-07-12 09:26:20,24.008928571428577,24.81707317073171,84.28571428571429,15.999999999999996,4.909090909090909,44.687500000000014,0.0,507.0899100899101,0.0,0.0,0.0
3147,2020-07-12 09:26:21,21.900000000000002,38.59375,95.0,4.500000000000001,4.500000000000001,44.37500000000001,180.72781655034896,500.18444666002,8.673978065802594,0.0,260.66101694915255
3148,2020-07-12 09:26:22,26.093750000000018,22.889830508474578,83.75000000000001,4.500000000000001,45.833333333333336,40.99999999999998,0.0,253.29940119760477,0.0,0.0,0.0
3149,2020-07-12 09:26:23,24.1923076923077,84.80000000000001,83.33333333333333,50.0,4.500000000000001,38.712121212121225,37.4979879275654,507.5623742454728,0.0,0.0,201.45171026156942
3150,2020-07-12 09:26:24,39.13793103448276,22.551020408163268,145.00000000000003,21.999999999999996,4.500000000000001,23.576271186440685,0.0,611.0029970029971,0.0,0.0,0.0
3151,2020-07-12 09:26:25,22.841463414634152,24.86111111111111,224.09090909090912,4.821428571428572,87.50000000000001,24.3,197.011,308.215,0.0,0.0,786.014
3152,2020-07-12 09:26:26,49.83870967741935,93.72093023255815,145.00000000000009,37.499999999999986,8.749999999999995,40.22058823529413,39.528942115768466,544.3433133732534,0.20459081836327345,0.0,64.22854291417165
3153,2020-07-12 09:26:27,38.750000000000014,185.45454545454544,193.75000000000003,81.25000000000001,4.500000000000001,26.562500000000007,241.41524573721162,398.2116349047141,0.0,0.0,0.0
3154,2020-07-12 09:26:28,35.89285714285714,22.599999999999998,228.75000000000003,,,92.00000000000006,80.93313373253493,484.9760479041916,0.0,42.4750499001996,89.27245508982035
3155,2020-07-12 09:26:29,24.04347826086957,20.999999999999996,77.5,39.58333333333334,4.891304347826087,74.99999999999964,0.0,519.9639278557114,0.0,0.0,0.0
3156,2020-07-12 09:26:30,29.99999999999998,34.84375000000001,115.00000000000003,13.750000000000004,31.250000000000007,99.28571428571428,0.0,489.1709741550696,0.0,0.0,0.0
3157,2020-07-12 09:26:31,38.75000000000001,24.640000000000004,93.4375,4.891304347826087,4.687500000000001,41.87499999999999,143.84168336673346,220.4178356713427,9.01803607214429,0.008016032064128256,404.27054108216436
3158,2020-07-12 09:26:32,24.020408163265312,30.833333333333325,81.25,37.50000000000001,7.5,41.111111111111114,0.0,511.5180360721443,0.0,0.0,0.0
3159,2020-07-12 09:26:33,48.05555555555556,33.90624999999999,88.75000000000001,,,48.49999999999999,72.31331331331332,590.3953953953953,0.0,0.0,196.95295295295293
3160,2020-07-12 09:26:34,61.333333333333336,92.65957446808513,47.083333333333336,19.37499999999999,4.5,41.944444444444436,0.0,366.05357142857144,0.0,0.0,0.0
3161,2020-07-12 09:26:35,32.777777777777786,46.66666666666668,137.5,37.50000000000001,17.5,40.34090909090911,266.1471774193549,357.34072580645164,0.0,0.0,630.7520161290322
3162,2020-07-12 09:26:36,26.538461538461554,28.5714285714286,210.0,4.891304347826087,23.5,49.1025641025641,110.19245647969052,551.1624758220503,0.19825918762088976,0.0,115.0522243713733
3163,2020-07-12 09:26:37,39.65909090909092,40.833333333333336,114.99999999999994,,,76.42857142857146,87.0857438016529,467.34710743801656,0.0,0.0,0.0
3164,2020-07-12 09:26:38,43.636363636363654,91.83333333333336,152.50000000000009,4.821428571428572,4.821428571428572,31.50000000000002,134.27372627372628,349.31668331668334,0.0,41.45454545454545,102.20479520479522
3165,2020-07-12 09:26:39,122.00000000000009,66.07142857142858,235.0,75.00000000000003,6.250000000000002,180.8928571428572,0.0,233.41365461847388,0.0,0.0,0.0
3166,2020-07-12 09:26:40,82.22222222222226,76.5151515151515,86.66666666666667,10.749999999999984,86.42857142857144,39.61538461538465,0.0,492.83018867924534,0.0,0.0,0.0
3167,2020-07-12 09:26:41,42.87500000000001,31.730769230769223,49.23076923076923,15.999999999999973,4.500000000000001,24.23170731707318,104.86217303822937,227.91146881287725,9.657947686116701,0.0,367.56539235412475
3168,2020-07-12 09:26:42,24.09302325581395,87.67241379310344,94.28571428571428,37.50000000000001,7.5,39.12500000000003,0.0,420.1480750246792,0.0,0.0,0.0
3169,2020-07-12 09:26:43,34.375,82.24999999999999,85.00000000000001,4.800000000000001,4.500000000000001,35.000000000000014,70.9918946301925,323.93819655521787,0.0,0.0,203.5531914893617
3170,2020-07-12 09:26:44,34.50000000000003,23.058823529411768,98.75,4.500000000000001,12.250000000000005,23.65789473684211,0.0,626.219,0.0,0.0,0.0
3171,2020-07-12 09:26:45,23.17692307692308,22.4,170.00000000000003,39.999999999999986,72.5,44.166666666666515,195.58312020460357,552.8422847399829,0.0,0.0,656.8235294117648
3172,2020-07-12 09:26:46,23.695652173913047,80.0,160.00000000000003,4.500000000000001,4.500000000000001,22.333333333333336,0.0,92.28899637243049,0.2478839177750907,0.0,158.18016928657798
3173,2020-07-12 09:26:47,16.000000000000007,20.500000000000004,,,,22.562500000000004,195.826,0.0,0.0,0.0,0.0
3174,2020-07-12 09:26:48,9.000000000000002,155.00000000000009,95.0,4.500000000000001,4.500000000000001,22.375,105.489,53.04,0.0,34.314,136.878
3175,2020-07-12 09:26:49,235.00000000000003,4.500000000000001,,,,,0.0,0.0,0.0,0.0,0.0
3176,2020-07-12 09:26:50,232.0,,235.00000000000003,4.500000000000001,4.500000000000001,235.00000000000003,0.0,0.0,0.0,0.0,0.0
3177,2020-07-12 09:26:51,85.0,9.500000000000002,,,,46.25,73.69,0.0,4.98,0.0,118.448
3178,2020-07-12 09:26:52,85.00000000000001,47.5,235.00000000000003,60.00000000000001,86.66666666666667,92.70833333333334,0.0,0.0,0.0,0.0,0.0
3179,2020-07-12 09:26:53,9.500000000000002,46.66666666666667,95.0,,,95.0,23.84723618090452,23.321608040201006,0.0,0.0,88.33165829145729
3180,2020-07-12 09:26:54,235.00000000000003,42.50000000000001,,,,47.5,0.0,3.315,0.0,0.0,0.0
3181,2020-07-12 09:26:55,227.8125,42.50000000000001,235.00000000000003,,,220.0,30.631,77.093,0.0,0.0,189.212
3182,2020-07-12 09:26:56,160.00000000000006,140.00000000000003,233.33333333333334,90.00000000000001,4.5,80.55555555555556,7.393,66.561,0.205,0.0,12.922
3183,2020-07-12 09:26:57,45.00000000000001,4.500000000000001,95.0,4.500000000000001,4.500000000000001,46.97368421052632,20.543,29.835,0.0,0.0,0.0
3184,2020-07-12 09:26:58,145.78947368421046,67.77777777777779,225.99999999999997,88.00000000000001,4.500000000000001,194.28571428571433,11.72027290448343,319.7270955165692,0.0,5.962962962962963,8.45224171539961
3185,2020-07-12 09:26:59,91.51162790697673,23.437500000000007,230.0,67.49999999999999,43.611111111111114,95.64814814814814,0.0,510.05025641025645,0.0,0.0,0.0
3186,2020-07-12 09:27:00,97.70833333333336,32.58928571428571,227.5,4.500000000000001,6.5000000000000036,124.54545454545455,0.0,180.6126126126126,0.0,0.0,0.0
3187,2020-07-12 09:27:01,131.36363636363635,34.722222222222236,96.66666666666669,4.500000000000001,8.000000000000009,128.33333333333334,65.044776119403,514.0457711442787,3.7014925373134333,0.0,130.09850746268657
3188,2020-07-12 09:27:02,41.223404255319146,23.45588235294118,190.0,4.500000000000001,4.500000000000001,41.09756097560977,0.0,524.3005025125628,0.0,0.0,0.0
3189,2020-07-12 09:27:03,33.823529411764696,23.042372881355938,85.00000000000001,37.50000000000001,4.736842105263158,88.63636363636365,96.57285429141717,491.0189620758483,0.0,0.0,58.61676646706587
3190,2020-07-12 09:27:04,24.188524590163937,20.566666666666677,96.15384615384617,4.736842105263158,5.0,45.64814814814813,0.0,453.12725450901803,0.0,0.0,0.0
3191,2020-07-12 09:27:05,150.0000000000001,78.24999999999999,175.00000000000006,,,45.00000000000001,163.4024024024024,530.4694694694695,0.0,0.0,614.7517517517517
3192,2020-07-12 09:27:06,24.312500000000004,89.0909090909091,175.0,4.736842105263158,4.736842105263158,62.173913043478244,31.85129740518962,420.6337325349301,0.20459081836327345,0.0,35.455089820359284
3193,2020-07-12 09:27:07,26.363636363636324,86.66666666666664,208.75000000000006,40.000000000000014,9.285714285714286,52.857142857142875,101.82217782217784,191.68631368631372,0.0,0.0,0.0
3194,2020-07-12 09:27:08,61.15384615384618,34.2391304347826,196.0,39.99999999999999,4.7368421052631575,56.36363636363639,80.621490803485,769.2197483059051,0.0,36.05033881897387,123.88092933204261
3195,2020-07-12 09:27:09,37.708333333333336,23.730769230769237,,,,181.00000000000003,0.0,89.05906735751296,0.0,0.0,0.0
3196,2020-07-12 09:27:10,89.64285714285715,40.49999999999999,,,,42.91666666666667,0.0,19.65415019762846,0.0,0.0,0.0
3197,2020-07-12 09:27:11,187.50000000000006,27.499999999999996,231.25,,,87.04545454545453,79.25428571428571,59.98571428571428,6.857142857142857,0.0,266.70761904761906
3198,2020-07-12 09:27:12,190.0,154.54545454545442,197.5,89.09090909090911,4.695652173913044,90.55555555555559,0.0,382.0914826498423,0.0,0.0,0.0
3199,2020-07-12 09:27:13,221.42857142857142,124.99999999999989,425.00000000000006,4.500000000000001,75.00000000000001,198.125,96.53495440729483,270.22593718338396,0.0,0.0,89.21580547112463
3200,2020-07-12 09:27:14,78.8888888888889,132.49999999999994,454.16666666666674,49.642857142857146,4.500000000000001,225.33333333333334,0.0,230.3873873873874,0.0,0.0,0.0
3201,2020-07-12 09:27:15,81.32352941176471,73.39285714285717,96.42857142857143,4.673076923076923,9.166666666666666,91.62162162162163,145.14285714285717,523.948051948052,0.0,0.0,571.6613386613386
3202,2020-07-12 09:27:16,148.00000000000014,24.509615384615387,175.0,4.500000000000001,7.499999999999999,36.44736842105263,74.1624513618677,548.1984435797666,0.19941634241245138,0.0,36.61284046692607
3203,2020-07-12 09:27:17,39.11290322580646,24.668831168831172,230.0,4.500000000000001,4.909090909090909,86.17647058823529,82.6067415730337,437.43309499489277,0.0,0.0,0.0
3204,2020-07-12 09:27:18,66.11111111111113,41.25000000000002,227.5,40.0,14.5,77.85714285714288,107.2354124748491,190.35714285714286,0.0,28.098591549295776,108.21730382293762
3205,2020-07-12 09:27:19,86.62500000000001,41.607142857142854,231.24999999999997,86.25,4.500000000000001,34.642857142857146,0.0,501.10867397806584,0.0,0.0,0.0
3206,2020-07-12 09:27:20,47.7,93.33333333333346,180.0,41.87500000000001,67.5,93.5714285714286,0.0,583.5095477386934,0.0,0.0,0.0
3207,2020-07-12 09:27:21,39.90740740740742,23.3,225.35714285714286,44.37500000000001,6.625000000000002,36.50000000000003,115.17282717282718,357.6873126873127,7.972027972027973,0.0,310.17482517482523
3208,2020-07-12 09:27:22,38.40000000000001,48.6904761904762,88.33333333333333,,,24.04545454545455,0.0,454.32,0.0,0.0,0.0
3209,2020-07-12 09:27:23,41.80555555555556,22.980769230769234,86.66666666666667,5.0,4.500000000000001,31.250000000000014,176.08982035928145,504.6187624750499,0.0,0.0,101.8063872255489
3210,2020-07-12 09:27:24,42.56944444444445,23.760000000000005,81.66666666666667,15.25,4.86,37.8846153846154,0.0,597.9949849548645,0.0,0.0,0.0
3211,2020-07-12 09:27:25,34.73684210526316,35.263157894736835,185.00000000000006,4.846153846153847,50.00000000000009,24.663265306122458,176.85814185814186,557.861138861139,0.0,0.0,784.6943056943059
3212,2020-07-12 09:27:26,84.74999999999999,43.53260869565217,200.7142857142857,4.500000000000001,4.500000000000001,70.5,76.921875,321.638671875,0.2001953125,0.0,162.3740234375
3213,2020-07-12 09:27:27,43.0952380952381,24.264150943396228,220.0,82.5,88.33333333333334,34.86842105263158,47.99079754601227,504.6830265848671,0.0,0.0,0.0
3214,2020-07-12 09:27:28,37.40740740740742,29.23076923076922,80.00000000000003,7.000000000000008,7.000000000000008,39.166666666666686,153.3484555984556,302.8967181467182,0.0,41.08108108108108,34.62837837837838
3215,2020-07-12 09:27:29,42.50000000000001,88.62500000000003,208.00000000000003,,,67.14285714285717,0.0,458.039175257732,0.0,0.0,0.0
3216,2020-07-12 09:27:30,55.83333333333333,185.90909090909085,88.00000000000001,9.600000000000001,4.5,45.416666666666664,0.0,365.8463768115942,0.0,0.0,0.0
3217,2020-07-12 09:27:31,147.24999999999997,97.34375,206.87499999999997,11.999999999999998,29.999999999999993,46.524390243902445,121.3883696780893,429.17341640706127,9.7196261682243,0.008307372793354102,382.6188992731049
3218,2020-07-12 09:27:32,43.448275862068975,47.3125,90.00000000000001,4.846153846153847,32.5,58.43749999999999,0.0,194.16683417085426,0.0,0.0,0.0
3219,2020-07-12 09:27:33,22.176470588235297,31.59090909090908,185.00000000000006,4.500000000000001,35.0,23.88636363636364,203.5995995995996,363.48548548548547,0.0,0.0,77.16016016016016
3220,2020-07-12 09:27:34,56.92307692307695,23.20422535211268,190.0,84.99999999999999,6.500000000000001,61.53846153846157,0.0,552.5618199802176,0.0,0.0,0.0
3221,2020-07-12 09:27:35,36.00000000000001,32.5,92.50000000000001,4.725,23.500000000000018,37.77027027027028,137.93340060544904,389.57114026236127,0.0,0.0,866.8920282542886
3222,2020-07-12 09:27:36,25.25000000000006,29.12500000000003,178.75000000000003,36.66666666666667,7.00000000000001,63.947368421052644,65.51183431952663,492.801775147929,0.20216962524654833,0.0,224.17258382642996
3223,2020-07-12 09:27:37,26.25,138.5714285714286,129.99999999999997,,,45.32608695652174,20.686294416243655,511.02131979695434,0.0,0.0,0.0
3224,2020-07-12 09:27:38,55.33333333333335,22.08181818181819,89.1666666666667,4.781250000000001,34.99999999999995,23.14893617021277,195.1673346693387,497.64228456913827,0.0,40.51302605210421,16.266533066132265
3225,2020-07-12 09:27:39,36.71875,31.666666666666675,231.66666666666669,68.33333333333333,54.99999999999995,23.967532467532475,0.0,494.91208791208794,0.0,0.0,0.0
3226,2020-07-12 09:27:40,24.64,22.559322033898308,190.0,78.75000000000001,52.50000000000004,22.344827586206897,0.0,537.601,0.0,0.0,0.0
3227,2020-07-12 09:27:41,41.451612903225815,23.0,196.00000000000006,83.00000000000001,4.500000000000001,30.833333333333368,183.07884231536926,459.05389221556885,9.640718562874252,0.0,222.11876247504992
3228,2020-07-12 09:27:42,42.42857142857142,43.42105263157896,208.00000000000003,45.00000000000001,4.500000000000001,22.571428571428573,0.0,453.85185185185185,0.0,0.0,0.0
3229,2020-07-12 09:27:43,27.34375000000002,55.58823529411762,155.00000000000014,61.666666666666686,9.500000000000005,24.0625,52.36072144288577,539.1503006012024,0.0,0.0,61.234468937875754
3230,2020-07-12 09:27:44,20.461538461538467,67.91666666666669,180.0,4.500000000000001,4.500000000000001,21.886792452830186,96.31306081754738,0.0,0.0,0.0,0.0
3231,2020-07-12 09:27:45,22.97222222222223,22.366666666666667,48.75,8.250000000000004,55.00000000000006,23.097560975609767,126.86773547094188,486.42284569138275,0.0,0.0,979.306613226453
3232,2020-07-12 09:27:46,42.49999999999999,20.983870967741943,107.5,49.999999999999964,4.5,23.369565217391308,46.102081268582765,444.24182358771066,0.20317145688800795,0.0,171.98017839444995
3233,2020-07-12 09:27:47,47.16666666666664,156.2500000000001,196.00000000000003,4.8,82.50000000000001,34.8913043478261,44.810483870967744,378.90322580645164,0.0,0.0,0.0
3234,2020-07-12 09:27:48,21.166666666666675,66.66666666666667,190.0,4.500000000000001,4.500000000000001,39.1666666666667,242.134,493.907,0.0,43.092,0.0
3235,2020-07-12 09:27:49,,,,,4.500000000000001,4.500000000000001,0.0,56.411411411411414,0.0,0.0,0.0
3236,2020-07-12 09:27:50,92.85714285714286,94.44444444444444,95.0,4.500000000000001,4.500000000000001,40.00000000000001,0.0,26.52,0.0,0.0,0.0
3237,2020-07-12 09:27:51,95.0,23.5,,,,94.0,134.93493493493492,0.0,7.867867867867868,0.0,335.2562562562563
3238,2020-07-12 09:27:52,62.49999999999999,4.500000000000001,,,,91.66666666666667,0.0,0.0,0.0,0.0,0.0
3239,2020-07-12 09:27:53,,,,,,,37.95404595404596,0.0,0.0,0.0,92.14385614385615
3240,2020-07-12 09:27:54,227.5,4.500000000000001,,,,23.5,0.0,0.0,0.0,0.0,0.0
3241,2020-07-12 09:27:55,95.0,,,,,234.6590909090909,31.226,0.0,0.0,0.0,334.02
3242,2020-07-12 09:27:56,47.5,,,,,47.5,24.207,0.0,0.205,0.0,59.288
3243,2020-07-12 09:27:57,223.84615384615387,94.28571428571429,,,,235.00000000000003,28.443,0.0,0.0,0.0,0.0
3244,2020-07-12 09:27:58,235.00000000000003,89.16666666666669,47.5,,,95.0,38.428,122.979,0.0,5.852,4.932
3245,2020-07-12 09:27:59,9.055555555555557,230.0,235.00000000000003,92.50000000000001,8.0,227.5,0.0,19.422,0.0,0.0,0.0
3246,2020-07-12 09:28:00,87.72727272727273,35.00000000000001,235.00000000000003,,,94.28571428571429,0.0,31.34851485148515,0.0,0.0,0.0
3247,2020-07-12 09:28:01,70.5555555555556,90.00000000000001,210.00000000000003,,,84.99999999999999,21.67878787878788,23.51818181818182,0.7272727272727273,0.0,30.55050505050505
3248,2020-07-12 09:28:02,143.42105263157902,167.1052631578948,232.3529411764706,4.500000000000001,8.833333333333334,33.50000000000002,0.0,431.83250249252245,0.0,0.0,0.0
3249,2020-07-12 09:28:03,43.684210526315795,97.85714285714286,96.66666666666669,4.90909090909091,16.000000000000007,44.63235294117648,37.65997993981946,550.6198595787363,0.0,0.0,33.72918756268807
3250,2020-07-12 09:28:04,221.77966101694918,96.84782608695653,203.33333333333331,,,47.019230769230774,34.047,264.092,0.0,0.0,0.0
3251,2020-07-12 09:28:05,64.28571428571429,123.33333333333343,,43.33333333333333,8.666666666666666,41.764705882352956,41.576,444.822,0.0,0.0,424.445
3252,2020-07-12 09:28:06,37.934782608695635,167.50000000000017,98.33333333333336,4.500000000000001,22.000000000000007,31.60714285714286,25.080975609756102,312.2087804878049,0.20000000000000004,0.0,38.14829268292683
3253,2020-07-12 09:28:07,24.951612903225808,239.2857142857142,243.5714285714286,324.99999999999994,5.333333333333332,74.46428571428575,52.308717948717955,138.89128205128208,0.0,0.0,0.0
3254,2020-07-12 09:28:08,93.46153846153848,211.42857142857147,287.5000000000002,,,148.21428571428575,92.73852295409182,611.0189620758482,0.0,30.263473053892216,116.250499001996
3255,2020-07-12 09:28:09,78.26086956521743,130.7894736842104,96.66666666666669,90.00000000000001,88.00000000000001,43.166666666666664,0.0,470.5085085085085,0.0,0.0,0.0
3256,2020-07-12 09:28:10,30.0,88.06818181818183,90.00000000000006,4.500000000000001,4.500000000000001,24.858490566037748,0.0,213.66933867735472,0.0,0.0,0.0
3257,2020-07-12 09:28:11,77.96875000000003,85.40816326530614,145.00000000000003,67.50000000000003,6.750000000000003,50.66666666666674,122.41758241758244,587.9900099900101,8.871128871128873,0.0,252.0869130869131
3258,2020-07-12 09:28:12,178.91304347826087,160.00000000000003,206.875,83.125,22.0,38.37837837837837,0.0,344.01178781925347,0.0,0.0,0.0
3259,2020-07-12 09:28:13,46.8421052631579,225.83333333333334,425.00000000000006,,400.0,23.950000000000006,16.356415478615073,279.36354378818737,0.0,0.0,284.60692464358453
3260,2020-07-12 09:28:14,44.00000000000001,242.50000000000003,46.66666666666667,4.500000000000001,4.500000000000001,36.388888888888886,227.8858858858859,0.0,0.0,0.0,0.0
3261,2020-07-12 09:28:15,46.97368421052632,89.16666666666667,86.66666666666667,80.00000000000001,4.500000000000001,50.50000000000006,148.40959040959044,116.991008991009,0.0,0.0,556.2167832167833
3262,2020-07-12 09:28:16,73.94736842105266,99.0,232.27272727272728,78.99999999999999,9.000000000000005,90.15625000000001,43.4149855907781,134.3102785782901,0.196926032660903,0.0,85.14793467819405
3263,2020-07-12 09:28:17,125.49999999999997,86.53846153846153,467.85714285714283,92.50000000000001,76.66666666666667,40.10416666666668,12.068821689259646,0.0,0.0,0.0,0.0
3264,2020-07-12 09:28:18,210.00000000000006,237.49999999999997,387.49999999999994,,,40.83333333333334,107.2057942057942,153.26273726273726,0.0,31.888111888111894,94.75624375624378
3265,2020-07-12 09:28:19,157.00000000000003,180.62500000000014,208.00000000000003,83.57142857142857,61.66666666666667,45.73529411764707,0.0,428.2162162162162,0.0,0.0,0.0
3266,2020-07-12 09:28:20,43.42592592592594,121.17647058823535,205.00000000000003,4.500000000000001,23.500000000000007,37.81250000000001,0.0,449.823,0.0,0.0,0.0
3267,2020-07-12 09:28:21,22.416666666666668,170.7142857142857,91.42857142857143,77.50000000000001,55.000000000000036,24.76923076923078,153.22577422577424,440.4925074925075,6.893106893106894,0.0,228.93506493506496
3268,2020-07-12 09:28:22,30.227272727272748,91.66666666666666,199.0,88.00000000000001,8.0,61.25,0.0,412.4065606361829,0.0,0.0,0.0
3269,2020-07-12 09:28:23,59.00000000000005,142.85714285714292,333.3333333333333,,,82.00000000000013,37.125,378.99798387096774,0.0,0.0,130.67943548387098
3270,2020-07-12 09:28:24,55.357142857142954,205.00000000000006,114.99999999999986,109.9999999999999,54.99999999999995,175.39473684210526,141.20379620379623,378.10289710289715,0.0,0.0,0.0
3271,2020-07-12 09:28:25,22.33673469387755,93.40909090909092,232.49999999999997,96.66666666666669,70.00000000000001,22.893617021276597,139.595,405.525,0.0,0.0,691.813
3272,2020-07-12 09:28:26,78.27586206896552,91.42857142857144,165.00000000000003,82.49999999999999,53.33333333333332,66.73076923076925,21.183,442.292,0.205,0.0,171.705
3273,2020-07-12 09:28:27,69.76190476190474,88.75,226.0,,,42.85714285714286,63.02302302302302,418.2102102102102,0.0,0.0,0.0
3274,2020-07-12 09:28:28,48.75000000000001,98.40579710144928,192.5,4.500000000000001,19.000000000000004,69.79166666666667,76.935,471.291,0.0,40.964,100.815
3275,2020-07-12 09:28:29,97.08333333333337,339.70588235294133,229.54545454545456,39.999999999999986,69.99999999999999,130.0,0.0,376.6313686313687,0.0,0.0,0.0
3276,2020-07-12 09:28:30,32.14285714285715,90.08771929824562,88.33333333333333,45.000000000000014,86.66666666666667,39.16666666666666,0.0,425.08151093439363,0.0,0.0,0.0
3277,2020-07-12 09:28:31,38.28125000000001,91.38297872340425,193.00000000000006,61.6666666666667,4.928571428571429,33.21428571428572,212.74271356783922,416.75879396984925,9.64824120603015,0.008040201005025125,284.9095477386935
3278,2020-07-12 09:28:32,22.52941176470588,90.65217391304347,209.28571428571436,4.750000000000001,81.00000000000003,39.74137931034484,0.0,448.8793619142573,0.0,0.0,0.0
3279,2020-07-12 09:28:33,47.17391304347827,89.34210526315792,169.99999999999997,,,24.25,69.88453815261045,203.28815261044176,0.0,0.0,115.50401606425703
3280,2020-07-12 09:28:34,169.2857142857143,217.35294117647064,226.92307692307693,65.00000000000004,65.00000000000004,81.62500000000001,158.273,429.303,0.0,0.0,0.0
3281,2020-07-12 09:28:35,35.0,95.27027027027027,230.0,45.68181818181819,52.50000000000004,42.05357142857144,56.608,393.674,0.0,0.0,928.665
3282,2020-07-12 09:28:36,132.81250000000006,82.70833333333336,145.00000000000009,9.750000000000005,47.50000000000006,61.25000000000001,4.050898203592815,343.0938123752495,0.20459081836327345,0.0,19.198602794411176
3283,2020-07-12 09:28:37,24.57547169811322,98.30769230769232,222.99999999999997,52.50000000000002,20.500000000000007,42.02127659574469,119.82617382617383,503.36363636363643,0.0,0.0,0.0
3284,2020-07-12 09:28:38,32.8125,146.36363636363646,215.5,,,40.83333333333332,91.70384995064167,449.26653504442254,0.0,38.60019743336624,89.22507403751234
3285,2020-07-12 09:28:39,198.57142857142858,216.25,115.00000000000003,4.725,36.875000000000014,49.58333333333333,0.0,339.177009155646,0.0,0.0,0.0
3286,2020-07-12 09:28:40,38.793103448275865,181.00000000000006,175.00000000000009,17.875000000000004,81.0,41.35135135135136,0.0,441.2277722277723,0.0,0.0,0.0
3287,2020-07-12 09:28:41,23.500000000000004,199.44444444444449,202.50000000000006,73.75000000000001,9.750000000000002,40.99999999999999,202.5244267198405,448.70987038883356,9.332003988035893,0.0,326.75473579262217
3288,2020-07-12 09:28:42,23.359375,79.37499999999994,96.53846153846153,4.500000000000001,23.5,43.0,0.0,417.9336633663366,0.0,0.0,0.0
3289,2020-07-12 09:28:43,43.07692307692308,100.0,94.06250000000001,9.500000000000002,19.750000000000004,38.95161290322581,45.24214792299899,412.1864235055724,0.0,0.0,63.79229989868288
3290,2020-07-12 09:28:44,23.77631578947369,154.00000000000014,227.5,65.00000000000004,65.00000000000004,24.72727272727273,126.214,363.725,0.0,0.0,0.0
3291,2020-07-12 09:28:45,24.16666666666667,205.93750000000003,145.0000000000001,50.0,9.000000000000002,44.80468750000001,156.199,447.876,0.0,0.0,798.377
3292,2020-07-12 09:28:46,39.25925925925926,69.0,95.62500000000001,21.25000000000001,4.736842105263159,35.19230769230771,114.94637537239326,422.70307845084415,0.20357497517378353,0.0,118.94438927507449
3293,2020-07-12 09:28:47,24.214285714285715,88.80434782608698,84.99999999999999,,,68.21428571428572,112.62537764350454,372.26686807653573,0.0,0.0,0.0
3294,2020-07-12 09:28:48,35.0,96.2962962962963,193.0,4.736842105263159,5.000000000000019,46.406249999999986,117.28585657370519,452.05876494023903,0.0,42.39043824701195,174.70717131474106
3295,2020-07-12 09:28:49,34.70588235294118,206.79999999999998,145.00000000000014,66.6666666666667,66.6666666666667,22.9375,0.0,403.186372745491,0.0,0.0,0.0
3296,2020-07-12 09:28:50,51.42857142857145,169.37500000000003,100.0,33.33333333333335,10.0,55.95238095238098,0.0,162.8246492985972,0.0,0.0,0.0
3297,2020-07-12 09:28:51,35.09615384615385,82.5,207.50000000000003,175.0,75.00000000000001,28.750000000000053,141.157,474.266,9.66,0.0,438.876
3298,2020-07-12 09:28:52,31.07142857142857,116.07142857142854,220.00000000000003,,,44.37500000000003,0.0,436.70755642787054,0.0,0.0,0.0
3299,2020-07-12 09:28:53,22.650000000000002,93.7735849056604,185.0,4.500000000000001,74.00000000000001,40.714285714285715,86.01197604790418,366.2255489021956,0.0,0.0,38.37025948103793
3300,2020-07-12 09:28:54,165.45454545454547,89.25925925925927,220.0,4.500000000000001,91.00000000000001,38.95833333333333,0.0,201.59346271705823,0.0,0.0,0.0
3301,2020-07-12 09:28:55,229.54545454545456,47.00000000000001,235.00000000000003,4.500000000000001,95.0,23.5,115.32,43.017,0.0,0.0,697.072
3302,2020-07-12 09:28:56,44.25,47.5,95.0,,,86.66666666666667,144.695,9.945,0.205,0.0,124.221
3303,2020-07-12 09:28:57,4.500000000000001,,,4.500000000000001,4.500000000000001,77.5,64.008,0.0,0.0,0.0,0.0
3304,2020-07-12 09:28:58,,,,,,,82.568,0.0,0.0,31.122,131.847
3305,2020-07-12 09:28:59,23.0,23.5,,,,9.500000000000002,0.0,6.63,0.0,0.0,0.0
3306,2020-07-12 09:29:00,235.00000000000003,9.500000000000002,,,,235.00000000000003,0.0,3.315,0.0,0.0,0.0
3307,2020-07-12 09:29:01,93.87096774193549,228.33333333333334,,,,232.1153846153846,77.995995995996,36.5015015015015,3.6036036036036037,0.0,156.1121121121121
3308,2020-07-12 09:29:02,,,,,,,0.0,0.0,0.0,0.0,0.0
3309,2020-07-12 09:29:03,9.500000000000002,42.50000000000001,,,,91.25,0.0,0.0,0.0,0.0,28.769
3310,2020-07-12 09:29:04,94.84848484848486,47.5,95.0,4.500000000000001,4.500000000000001,47.5,26.479561316051846,135.37786640079761,0.0,0.0,0.0
3311,2020-07-12 09:29:05,,,,,,,12.732196589769307,0.0,0.0,0.0,55.840521564694086
3312,2020-07-12 09:29:06,234.25,215.00000000000003,235.00000000000003,4.500000000000001,4.500000000000001,220.00000000000003,3.513486513486514,29.80519480519481,0.20479520479520483,0.0,18.47652347652348
3313,2020-07-12 09:29:07,215.3846153846154,87.14285714285717,234.0,45.00000000000001,80.00000000000001,134.28571428571428,4.123123123123123,3.318318318318318,0.0,0.0,0.0
3314,2020-07-12 09:29:08,203.125,54.99999999999995,,,,36.25000000000003,25.626373626373628,51.57842157842158,0.0,5.314685314685315,18.341658341658345
3315,2020-07-12 09:29:09,44.573170731707314,151.42857142857144,235.00000000000003,,,205.53571428571428,0.0,452.46446446446447,0.0,0.0,0.0
3316,2020-07-12 09:29:10,38.26923076923079,161.6666666666667,231.25,6.666666666666666,20.0,58.00000000000004,0.0,140.051,0.0,0.0,0.0
3317,2020-07-12 09:29:11,97.63157894736845,130.0,96.25000000000001,4.500000000000001,4.500000000000001,62.50000000000006,38.18181818181819,440.85414585414594,3.596403596403597,0.0,134.01098901098902
3318,2020-07-12 09:29:12,54.23076923076923,175.0,90.00000000000001,4.736842105263158,17.500000000000014,40.83333333333335,0.0,371.272365805169,0.0,0.0,0.0
3319,2020-07-12 09:29:13,45.000000000000014,241.42857142857144,100.00000000000027,4.500000000000001,70.0,46.25,0.0,405.3206030150754,0.0,0.0,21.516582914572865
3320,2020-07-12 09:29:14,38.66071428571427,102.14285714285715,190.00000000000006,4.500000000000001,8.000000000000004,58.6111111111111,104.80574826560952,573.4083250743312,0.0,0.0,0.0
3321,2020-07-12 09:29:15,28.43749999999998,94.50819672131149,192.14285714285717,25.0,8.333333333333336,61.818181818181834,116.95951417004049,179.67813765182186,0.0,0.0,559.2965587044534
3322,2020-07-12 09:29:16,42.500000000000014,196.6666666666667,205.00000000000003,90.00000000000001,10.0,53.33333333333345,40.20634920634921,383.5585317460317,0.20337301587301587,0.0,124.54960317460318
3323,2020-07-12 09:29:17,48.53448275862069,174.44444444444443,100.0,66.66666666666667,10.0,45.374999999999986,39.02816901408451,658.7555331991952,0.0,0.0,0.0
3324,2020-07-12 09:29:18,210.8695652173913,206.71428571428572,214.37500000000003,,,77.77777777777779,123.01002004008015,395.9168336673347,0.0,37.31462925851704,108.8316633266533
3325,2020-07-12 09:29:19,58.421052631579045,91.40350877192982,227.49999999999997,86.42857142857144,52.49999999999999,44.5,0.0,300.75221238938053,0.0,0.0,0.0
3326,2020-07-12 09:29:20,37.083333333333314,90.08620689655173,95.0,4.973684210526316,4.973684210526316,25.31250000000001,0.0,80.31537708129285,0.0,0.0,0.0
3327,2020-07-12 09:29:21,30.625000000000014,93.33333333333333,92.5,4.500000000000001,4.500000000000001,22.611111111111118,0.0,435.38940809968847,8.722741433021808,0.0,318.453790238837
3328,2020-07-12 09:29:22,68.33333333333333,92.08333333333334,,,,212.0588235294118,129.3524829600779,54.65822784810127,0.0,0.0,0.0
3329,2020-07-12 09:29:23,214.76744186046508,118.7500000000001,447.2222222222222,23.500000000000014,84.28571428571429,201.44736842105266,17.702453987730063,74.57055214723927,0.0,0.0,63.18711656441718
3330,2020-07-12 09:29:24,215.00000000000003,240.4545454545454,450.0,,,92.5,143.3788944723618,233.05829145728643,0.0,0.0,0.0
3331,2020-07-12 09:29:25,208.17307692307696,190.0,165.00000000000006,4.500000000000001,4.500000000000001,207.00000000000003,110.5199203187251,392.33864541832673,0.0,0.0,629.422310756972
3332,2020-07-12 09:29:26,41.7741935483871,94.71428571428574,216.25,20.999999999999996,9.625,46.01851851851851,52.30653266331658,424.5899497487437,0.20603015075376885,0.0,75.27638190954774
3333,2020-07-12 09:29:27,47.700000000000024,92.95918367346941,207.50000000000003,77.00000000000001,71.25000000000001,73.6206896551724,81.92707292707294,287.8161838161838,0.0,0.0,0.0
3334,2020-07-12 09:29:28,24.376923076923074,93.52941176470588,95.0,14.50000000000002,57.500000000000036,41.547619047619044,118.94094094094095,335.31831831831835,0.0,28.224224224224226,104.21321321321321
3335,2020-07-12 09:29:29,75.16129032258065,135.00000000000003,190.0,4.928571428571428,6.166666666666666,89.14893617021279,0.0,315.042,0.0,0.0,0.0
3336,2020-07-12 09:29:30,62.35294117647062,165.76923076923075,95.26315789473685,,,50.99999999999997,0.0,453.9392752203722,0.0,0.0,0.0
3337,2020-07-12 09:29:31,23.864864864864867,178.75000000000003,91.66666666666667,4.500000000000001,8.000000000000002,59.2307692307693,78.50862944162436,336.6994923857868,6.7005076142131985,0.008121827411167511,252.72690355329948
3338,2020-07-12 09:29:32,22.807692307692307,84.58333333333334,47.5,4.714285714285715,31.666666666666682,46.03260869565217,0.0,343.80689655172415,0.0,0.0,0.0
3339,2020-07-12 09:29:33,40.72916666666667,181.56249999999997,231.73913043478262,,,76.24999999999999,0.0,431.184317718941,0.0,0.0,137.5804480651731
3340,2020-07-12 09:29:34,173.28571428571433,240.17241379310352,217.49999999999997,84.99999999999999,9.2,68.15789473684215,87.7734915924827,168.72700296735906,0.0,0.0,0.0
3341,2020-07-12 09:29:35,23.216216216216218,186.84210526315795,200.00000000000006,4.7142857142857135,4.500000000000001,59.99999999999999,273.6237322515213,409.11764705882354,0.0,0.0,687.1916835699798
3342,2020-07-12 09:29:36,45.875000000000036,91.45454545454545,159.99999999999994,69.99999999999999,15.999999999999993,43.125,32.6013986013986,417.3396603396604,0.20479520479520483,0.0,120.23876123876124
3343,2020-07-12 09:29:37,23.30714285714286,90.0,205.00000000000003,,,42.00000000000001,119.5878243512974,339.2774451097804,0.0,0.0,0.0
3344,2020-07-12 09:29:38,25.45454545454547,139.23076923076914,46.5625,8.5,30.83333333333333,24.100000000000005,126.8092885375494,428.6353754940712,0.0,36.798418972332016,118.61660079051384
3345,2020-07-12 09:29:39,88.04347826086958,212.5,182.50000000000003,4.500000000000001,57.49999999999997,84.74999999999997,0.0,378.85685279187817,0.0,0.0,0.0
3346,2020-07-12 09:29:40,45.7843137254902,168.27586206896547,99.54545454545453,4.500000000000001,4.95,44.46428571428572,0.0,370.9990118577075,0.0,0.0,0.0
3347,2020-07-12 09:29:41,59.50000000000006,98.91891891891892,86.66666666666669,4.5,8.666666666666668,49.479166666666686,56.75733063700708,454.7098078867543,9.464105156723964,0.0,300.793731041456
3348,2020-07-12 09:29:42,48.40909090909092,95.42553191489363,114.99999999999994,,,45.344827586206904,0.0,382.201,0.0,0.0,0.0
3349,2020-07-12 09:29:43,23.213235294117645,99.2741935483871,100.0,22.000000000000053,7.00000000000001,34.318181818181856,0.0,426.4891089108911,0.0,0.0,334.34554455445544
3350,2020-07-12 09:29:44,37.187500000000014,112.27272727272722,99.5,4.500000000000001,70.00000000000003,44.722222222222236,174.6074672048436,339.3824419778002,0.0,0.0,0.0
3351,2020-07-12 09:29:45,39.09090909090911,176.60714285714292,139.99999999999997,4.714285714285714,36.25,117.85714285714307,179.9111776447106,465.94710578842313,0.0,0.0,643.3912175648702
3352,2020-07-12 09:29:46,34.80769230769233,77.16666666666669,225.4545454545455,,,29.375000000000053,53.00702106318957,473.8465396188566,0.205616850551655,0.0,196.65195586760282
3353,2020-07-12 09:29:47,39.285714285714285,102.7272727272728,67.5,84.99999999999999,54.99999999999996,39.765624999999986,60.52788844621514,370.07270916334664,0.0,0.0,0.0
3354,2020-07-12 09:29:48,30.892857142857117,67.0,92.50000000000001,4.714285714285714,7.000000000000002,36.36363636363637,200.9307923771314,259.04613841524576,0.0,42.42126379137412,65.36409227683049
3355,2020-07-12 09:29:49,80.71428571428574,87.73584905660377,381.2500000000001,218.33333333333334,34.166666666666664,47.89634146341464,0.0,436.942942942943,0.0,0.0,0.0
3356,2020-07-12 09:29:50,40.25000000000002,214.32432432432435,221.3636363636364,,,53.07692307692307,0.0,400.368,0.0,0.0,0.0
3357,2020-07-12 09:29:51,22.625,89.8076923076923,90.00000000000001,49.375,65.0,32.26190476190476,59.466466466466464,475.13313313313313,9.60960960960961,0.0,277.033033033033
3358,2020-07-12 09:29:52,47.2794117647059,169.50000000000006,208.75,4.500000000000001,155.0000000000001,41.78571428571429,0.0,524.8823529411765,0.0,0.0,0.0
3359,2020-07-12 09:29:53,27.166666666666657,171.05263157894743,86.00000000000001,32.49999999999998,36.249999999999964,65.00000000000001,0.0,364.1503006012024,0.0,0.0,269.3146292585171
3360,2020-07-12 09:29:54,28.0769230769231,94.61538461538463,180.0,4.5,68.33333333333333,33.99999999999999,332.84288537549406,414.0642292490118,0.0,0.0,0.0
3361,2020-07-12 09:29:55,49.750000000000014,177.04545454545456,250.0,,,90.0,105.91540785498489,349.091641490433,0.0,0.0,613.2487411883183
3362,2020-07-12 09:29:56,45.46875000000002,191.70454545454547,227.5,93.88888888888889,9.499999999999993,69.58333333333336,39.445891783567134,410.29058116232466,0.20541082164328656,0.0,234.2124248496994
3363,2020-07-12 09:29:57,84.51219512195122,96.1842105263158,233.125,4.500000000000001,4.500000000000001,139.54545454545456,44.989959839357425,434.59638554216866,0.0,0.0,0.0
3364,2020-07-12 09:29:58,24.79661016949153,163.3333333333334,223.75,88.12500000000001,23.500000000000004,42.8125,167.137,415.47,0.0,42.56,102.431
3365,2020-07-12 09:29:59,59.642857142857174,220.00000000000003,230.0,45.833333333333336,49.99999999999997,39.72222222222226,0.0,241.03589232303094,0.0,0.0,0.0
3366,2020-07-12 09:30:00,151.81818181818178,223.96226415094338,213.33333333333334,80.0,66.66666666666667,84.6666666666667,0.0,261.53,0.0,0.0,0.0
3367,2020-07-12 09:30:01,120.76923076923087,142.00000000000006,97.85714285714286,22.000000000000007,4.500000000000001,29.55882352941177,91.60533333333333,482.512,7.68,0.0,155.2168888888889
3368,2020-07-12 09:30:02,79.375,90.20833333333333,75.00000000000003,,,93.68421052631578,0.0,30.378006872852236,0.0,0.0,0.0
3369,2020-07-12 09:30:03,215.0,4.500000000000001,,,,,0.0,9.945,0.0,0.0,206.471
3370,2020-07-12 09:30:04,,9.500000000000002,,,,218.63636363636363,156.691,0.0,0.0,0.0,0.0
3371,2020-07-12 09:30:05,,,,,,,111.541,0.0,0.0,0.0,565.43
3372,2020-07-12 09:30:06,,,,,,,27.799,0.0,0.205,0.0,69.412
3373,2020-07-12 09:30:07,95.0,95.0,,,,95.0,37.626,47.741,0.0,0.0,0.0
3374,2020-07-12 09:30:08,95.00000000000001,91.66666666666667,95.0,4.500000000000001,4.500000000000001,93.63636363636364,82.221,53.04,0.0,16.758,59.618
3375,2020-07-12 09:30:09,234.65116279069767,,235.00000000000003,,,225.35714285714286,0.0,0.0,0.0,0.0,0.0
3376,2020-07-12 09:30:10,4.500000000000001,,,4.500000000000001,90.0,160.00000000000009,0.0,0.0,0.0,0.0,0.0
3377,2020-07-12 09:30:11,92.50000000000001,9.500000000000002,,,,95.0,30.725,58.691,1.26,0.0,50.038
3378,2020-07-12 09:30:12,45.0,90.00000000000001,232.49999999999997,94.16666666666667,9.299999999999999,87.50000000000001,0.0,0.0,0.0,0.0,0.0
3379,2020-07-12 09:30:13,224.2857142857143,9.000000000000002,235.00000000000003,,,95.0,0.0,0.0,0.0,0.0,21.207
3380,2020-07-12 09:30:14,22.0,46.25000000000001,223.75,85.00000000000001,85.00000000000001,83.42105263157895,10.58964143426295,0.0,0.0,0.0,0.0
3381,2020-07-12 09:30:15,94.62962962962963,220.0,,,,94.56521739130436,17.450803212851405,116.41164658634538,0.0,0.0,103.18072289156628
3382,2020-07-12 09:30:16,46.333333333333336,142.85714285714295,211.00000000000003,,,77.50000000000001,12.476476476476476,43.21621621621621,0.20520520520520522,0.0,21.536536536536538
3383,2020-07-12 09:30:17,188.50000000000003,228.8888888888889,98.33333333333333,81.0,5.250000000000001,40.948275862068975,18.25674325674326,409.3576423576424,0.0,0.0,0.0
3384,2020-07-12 09:30:18,47.276119402985074,136.00000000000003,198.57142857142856,4.973684210526317,9.875000000000002,36.80555555555555,44.95908183632734,368.63473053892216,0.0,11.149700598802395,39.57385229540918
3385,2020-07-12 09:30:19,40.241935483870975,90.19607843137256,467.85714285714283,88.75000000000001,85.0,98.3333333333333,0.0,419.19364448858,0.0,0.0,0.0
3386,2020-07-12 09:30:20,81.0,96.26984126984128,227.5,49.583333333333336,8.999999999999998,47.333333333333364,0.0,417.3568548387097,0.0,0.0,0.0
3387,2020-07-12 09:30:21,23.708860759493675,176.93548387096772,90.83333333333334,9.500000000000002,36.25000000000001,21.804347826086964,57.745745745745744,429.59059059059064,5.945945945945946,0.0,193.76576576576576
3388,2020-07-12 09:30:22,37.500000000000014,216.6666666666667,96.87500000000001,,,38.6842105263158,0.0,385.2455089820359,0.0,0.0,0.0
3389,2020-07-12 09:30:23,82.12121212121212,121.25,70.00000000000001,4.875,6.874999999999999,26.052631578947366,0.0,381.5175526579739,0.0,0.0,79.13540621865597
3390,2020-07-12 09:30:24,22.85074626865672,96.90000000000002,60.000000000000014,20.500000000000018,6.499999999999999,24.025000000000006,169.058,429.621,0.0,0.0,0.0
3391,2020-07-12 09:30:25,23.70588235294118,165.25000000000006,122.50000000000004,7.6250000000000036,5.500000000000014,52.66666666666665,130.3060817547358,432.96311066799603,0.0,0.0,610.059820538385
3392,2020-07-12 09:30:26,30.166666666666668,201.12903225806457,190.00000000000003,82.50000000000001,6.500000000000002,39.852941176470594,94.24612403100775,402.9428294573643,0.19864341085271317,0.0,107.26937984496124
3393,2020-07-12 09:30:27,32.875,216.0526315789474,232.85714285714286,86.42857142857144,9.549999999999999,51.388888888888836,46.895445134575574,368.57971014492756,0.0,0.0,0.0
3394,2020-07-12 09:30:28,21.500000000000004,90.33333333333334,130.0000000000001,86.25000000000001,4.500000000000001,42.04545454545457,139.9049049049049,147.43043043043042,0.0,41.80380380380381,184.5265265265265
3395,2020-07-12 09:30:29,42.85714285714286,212.5,229.99999999999997,,,41.875,0.0,0.0,0.0,0.0,0.0
3396,2020-07-12 09:30:30,171.99999999999994,92.93103448275863,92.5,85.0,4.500000000000001,84.46428571428571,0.0,146.29889669007022,0.0,0.0,0.0
3397,2020-07-12 09:30:31,140.0000000000001,172.0,235.00000000000003,91.25000000000001,8.666666666666666,145.0000000000001,98.93731343283582,100.53930348258707,7.761194029850747,0.007960199004975126,334.489552238806
3398,2020-07-12 09:30:32,70.38461538461539,152.50000000000009,233.125,4.500000000000001,75.00000000000001,84.80000000000004,0.0,76.28470824949699,0.0,0.0,0.0
3399,2020-07-12 09:30:33,196.7741935483871,225.62500000000003,461.6666666666667,178.0,65.0,165.25,0.0,473.11388611388617,0.0,0.0,116.66933066933068
3400,2020-07-12 09:30:34,40.13888888888887,158.74999999999997,47.18750000000001,,,48.703703703703724,135.27127127127127,354.4824824824825,0.0,0.0,0.0
3401,2020-07-12 09:30:35,57.66666666666672,92.41666666666667,107.50000000000004,4.500000000000001,4.875000000000001,48.29545454545459,165.41858141858143,370.935064935065,0.0,0.0,606.3176823176824
3402,2020-07-12 09:30:36,50.454545454545425,137.05882352941188,93.33333333333334,39.375000000000014,8.937500000000002,62.75000000000003,87.5895895895896,486.5115115115115,0.20520520520520522,0.0,49.993993993993996
3403,2020-07-12 09:30:37,31.176470588235286,88.12500000000001,152.50000000000009,4.500000000000001,67.50000000000003,47.638888888888886,23.039960039960043,354.32067932067935,0.0,0.0,0.0
3404,2020-07-12 09:30:38,29.82142857142858,211.1764705882353,222.50000000000003,73.00000000000001,77.50000000000001,38.37500000000001,66.85,304.878,0.0,31.654,116.966
3405,2020-07-12 09:30:39,25.76923076923078,99.04255319148936,205.00000000000006,,,66.42857142857146,0.0,418.849,0.0,0.0,0.0
3406,2020-07-12 09:30:40,37.76315789473684,88.84615384615385,233.125,67.50000000000004,87.00000000000003,43.07692307692308,0.0,469.99401794616153,0.0,0.0,0.0
3407,2020-07-12 09:30:41,39.46969696969697,163.87096774193543,194.28571428571428,9.500000000000002,4.95,82.02380952380953,61.374628344895946,427.18632309217054,8.146679881070368,0.0,360.72547076313185
3408,2020-07-12 09:30:42,43.066037735849065,139.70588235294116,152.50000000000003,24.75,79.0,29.49999999999998,0.0,294.6660212971927,0.0,0.0,0.0
3409,2020-07-12 09:30:43,65.93750000000004,98.5,222.49999999999997,84.1666666666667,11.5,34.68750000000001,0.0,486.83036649214665,0.0,0.0,115.71937172774871
3410,2020-07-12 09:30:44,32.666666666666686,230.50000000000003,107.50000000000011,4.500000000000001,49.166666666666686,44.46428571428573,226.364,291.705,0.0,0.0,0.0
3411,2020-07-12 09:30:45,36.11111111111111,94.73214285714286,235.00000000000003,,,61.333333333333336,209.44455544455548,426.92007992007996,0.0,0.0,739.2637362637364
3412,2020-07-12 09:30:46,35.543478260869556,152.49999999999997,217.85714285714286,81.00000000000003,76.25000000000004,46.77419354838709,17.805583250249256,385.8873379860419,0.20438683948155537,0.0,62.455633100697916
3413,2020-07-12 09:30:47,42.91666666666667,90.71428571428571,220.0,86.87500000000001,44.16666666666667,74.37500000000001,98.9748743718593,450.80904522613065,0.0,0.0,0.0
3414,2020-07-12 09:30:48,86.7105263157895,190.0,224.09090909090907,47.50000000000001,21.625000000000007,76.11111111111113,181.992007992008,407.949050949051,0.0,40.39160839160839,130.81118881118883
3415,2020-07-12 09:30:49,38.65384615384615,209.50000000000003,100.0,4.973684210526315,8.624999999999996,43.377192982456144,0.0,336.2183794466403,0.0,0.0,0.0
3416,2020-07-12 09:30:50,45.20833333333333,186.57142857142856,91.42857142857143,,,95.00000000000001,0.0,448.30839231547014,0.0,0.0,0.0
3417,2020-07-12 09:30:51,85.31914893617022,88.3673469387755,222.14285714285714,91.36363636363637,52.50000000000001,84.87179487179486,67.08208208208208,295.17217217217217,8.76876876876877,0.0,283.46046046046047
3418,2020-07-12 09:30:52,39.7,95.48780487804878,47.50000000000001,4.725,4.725,24.96511627906977,0.0,511.304,0.0,0.0,0.0
3419,2020-07-12 09:30:53,81.7948717948718,128.1250000000001,262.5,107.50000000000001,88.75000000000001,77.2058823529412,0.0,370.85485485485486,0.0,0.0,195.28028028028027
3420,2020-07-12 09:30:54,85.34482758620693,141.0,91.66666666666669,4.500000000000001,65.00000000000003,20.657894736842106,240.91380999020572,166.8011753183154,0.0,0.0,0.0
3421,2020-07-12 09:30:55,42.50000000000003,34.687500000000036,225.00000000000003,,,88.21428571428577,186.8673469387755,582.0530612244899,0.0,0.0,855.011224489796
3422,2020-07-12 09:30:56,23.478571428571424,21.52631578947369,135.0,4.500000000000001,86.66666666666667,35.689655172413794,31.34234234234234,426.62462462462463,0.20520520520520522,0.0,127.3003003003003
3423,2020-07-12 09:30:57,22.889830508474578,30.499999999999975,86.66666666666667,8.666666666666666,4.695652173913044,59.41176470588237,42.211729622266404,530.5168986083498,0.0,0.0,0.0
3424,2020-07-12 09:30:58,156.25000000000006,21.80952380952381,145.0,44.166666666666664,4.846153846153847,24.52439024390244,145.4102060843965,430.09715407262024,0.0,41.766437684003925,67.02551521099117
3425,2020-07-12 09:30:59,113.23529411764689,25.71428571428574,172.00000000000003,36.66666666666668,67.50000000000003,65.37037037037038,0.0,454.65965965965967,0.0,0.0,0.0
3426,2020-07-12 09:31:00,48.15789473684211,33.75000000000001,220.00000000000003,,,53.00000000000005,0.0,584.8936170212767,0.0,0.0,0.0
3427,2020-07-12 09:31:01,30.294117647058812,59.64285714285722,98.0,4.500000000000001,76.66666666666667,43.928571428571466,138.22255790533737,226.6132930513595,10.030211480362537,0.0,217.16515609264854
3428,2020-07-12 09:31:02,41.923076923076934,24.850000000000005,95.33333333333336,4.90909090909091,4.500000000000001,96.72413793103452,0.0,432.0763052208835,0.0,0.0,0.0
3429,2020-07-12 09:31:03,40.75,35.73529411764705,152.50000000000009,4.500000000000001,4.500000000000001,24.512500000000006,0.0,487.70229770229776,0.0,0.0,207.41458541458542
3430,2020-07-12 09:31:04,59.642857142857174,33.21428571428572,93.84615384615385,4.875,8.499999999999998,40.416666666666686,242.8253493013972,521.8622754491018,0.0,0.0,0.0
3431,2020-07-12 09:31:05,34.99999999999999,48.333333333333314,190.00000000000006,4.500000000000001,4.687500000000001,103.00000000000006,122.7062937062937,421.70429570429576,0.0,0.0,785.5994005994006
3432,2020-07-12 09:31:06,70.00000000000001,198.1818181818182,86.25000000000001,4.500000000000001,6.500000000000004,23.57692307692308,59.69939879759519,321.85771543086173,0.20541082164328656,0.0,100.00100200400801
3433,2020-07-12 09:31:07,24.659090909090907,23.786764705882355,92.00000000000001,28.33333333333332,4.500000000000001,41.92857142857143,50.37777777777778,403.07246376811594,0.0,0.0,0.0
3434,2020-07-12 09:31:08,23.031250000000004,84.99999999999999,182.5,4.500000000000001,83.33333333333334,22.130434782608695,180.45643153526973,457.4118257261411,0.0,43.87344398340249,93.7811203319502
3435,2020-07-12 09:31:09,47.5,45.833333333333336,,,,9.500000000000002,0.0,36.465,0.0,0.0,0.0
3436,2020-07-12 09:31:10,92.63157894736842,,,,,46.875,0.0,0.0,0.0,0.0,0.0
3437,2020-07-12 09:31:11,,,,,,,14.36036036036036,0.0,7.087087087087086,0.0,295.2882882882883
3438,2020-07-12 09:31:12,,23.250000000000004,,,,30.00000000000003,0.0,13.246753246753247,0.0,0.0,0.0
3439,2020-07-12 09:31:13,235.00000000000003,,235.00000000000003,4.500000000000001,4.500000000000001,37.50000000000001,0.0,0.0,0.0,0.0,191.402
3440,2020-07-12 09:31:14,235.00000000000003,180.0,,,,233.8157894736842,121.887,26.52,0.0,0.0,0.0
3441,2020-07-12 09:31:15,,,,,,,82.67032967032968,0.0,0.0,0.0,280.0929070929071
3442,2020-07-12 09:31:16,96.02564102564104,81.66666666666667,95.0,4.500000000000001,4.500000000000001,90.00000000000001,39.59059059059059,0.0,0.20520520520520522,0.0,20.745745745745747
3443,2020-07-12 09:31:17,232.0,21.0,220.0,4.500000000000001,4.500000000000001,229.75,26.505,26.52,0.0,0.0,0.0
3444,2020-07-12 09:31:18,92.33333333333334,45.416666666666664,224.2857142857143,49.99999999999999,4.500000000000001,77.08333333333336,25.62735381565907,116.58077304261646,0.0,3.6907829534192276,11.706640237859268
3445,2020-07-12 09:31:19,47.575757575757585,86.60000000000001,98.8888888888889,4.500000000000001,4.500000000000001,97.79411764705883,0.0,91.25252525252526,0.0,0.0,0.0
3446,2020-07-12 09:31:20,86.20689655172413,44.761904761904745,84.99999999999999,7.700000000000002,4.704545454545454,47.56944444444444,0.0,345.21978021978026,0.0,0.0,0.0
3447,2020-07-12 09:31:21,45.22727272727275,60.26315789473679,229.54545454545456,4.500000000000001,91.50000000000001,80.27777777777777,40.72372372372372,748.918918918919,2.4624624624624625,0.0,144.25025025025025
3448,2020-07-12 09:31:22,45.592105263157904,21.25,227.0,,,43.229166666666664,0.0,85.85614385614387,0.0,0.0,0.0
3449,2020-07-12 09:31:23,41.190476190476204,23.950000000000003,220.0,4.500000000000001,92.33333333333334,45.37735849056605,0.0,386.731,0.0,0.0,67.845
3450,2020-07-12 09:31:24,23.875,21.336065573770494,210.0,28.750000000000025,78.75000000000003,37.777777777777786,94.51497005988024,627.2734530938123,0.0,0.0,0.0
3451,2020-07-12 09:31:25,50.0,33.90624999999999,135.00000000000006,4.704545454545455,42.50000000000007,41.27450980392157,113.71943887775551,376.7034068136273,0.0,0.0,408.8687374749499
3452,2020-07-12 09:31:26,33.19444444444446,78.42105263157895,92.72727272727275,28.75000000000001,4.500000000000001,38.3,32.76,665.02,0.205,0.0,79.883
3453,2020-07-12 09:31:27,152.89473684210535,30.23809523809527,114.99999999999987,,,37.08333333333336,97.80478087649402,439.48705179282865,0.0,0.0,0.0
3454,2020-07-12 09:31:28,24.259259259259267,23.838709677419356,141.25000000000003,70.00000000000003,7.666666666666672,39.779411764705905,160.90361445783134,423.7289156626506,0.0,37.6566265060241,129.0512048192771
3455,2020-07-12 09:31:29,37.954545454545446,21.38775510204082,97.49999999999999,30.000000000000007,8.5,24.266666666666673,0.0,703.8422053231939,0.0,0.0,0.0
3456,2020-07-12 09:31:30,46.250000000000014,25.62500000000005,84.99999999999999,19.250000000000004,13.499999999999998,37.38095238095238,0.0,242.70389884088513,0.0,0.0,0.0
3457,2020-07-12 09:31:31,46.2962962962963,24.5,42.50000000000001,,,94.71428571428572,106.143,0.0,9.54,0.008,388.343
3458,2020-07-12 09:31:32,231.48936170212767,24.25,80.00000000000001,4.500000000000001,4.500000000000001,98.9622641509434,0.0,165.26226226226225,0.0,0.0,0.0
3459,2020-07-12 09:31:33,455.88235294117646,92.22222222222223,,4.821428571428572,4.500000000000001,24.289473684210527,0.0,0.0,0.0,0.0,62.024
3460,2020-07-12 09:31:34,94.47916666666667,220.62500000000003,247.00000000000003,,,150.62499999999997,113.00697211155378,212.3934262948207,0.0,0.0,0.0
3461,2020-07-12 09:31:35,211.8571428571429,85.00000000000001,383.3333333333333,84.375,86.11111111111113,85.20000000000002,114.53180914512923,175.56759443339962,0.0,0.0,599.6272365805169
3462,2020-07-12 09:31:36,86.13636363636365,34.30555555555555,219.99999999999997,,,90.00000000000001,16.214778325123152,266.2817733990148,0.2019704433497537,0.0,101.78029556650247
3463,2020-07-12 09:31:37,34.16666666666669,23.709302325581397,82.50000000000001,4.500000000000001,4.500000000000001,26.818181818181817,71.42451874366768,609.5937183383992,0.0,0.0,0.0
3464,2020-07-12 09:31:38,23.784810126582283,39.16666666666668,224.2857142857143,4.6875,90.38461538461539,46.44736842105264,92.04343434343434,449.3272727272727,0.0,30.092929292929295,52.61818181818182
3465,2020-07-12 09:31:39,38.15217391304348,23.755319148936174,170.00000000000003,,,24.47826086956522,0.0,137.80995024875625,0.0,0.0,0.0
3466,2020-07-12 09:31:40,24.547619047619047,22.734042553191497,90.83333333333333,62.49999999999999,4.500000000000001,34.699999999999996,0.0,719.4981238273921,0.0,0.0,0.0
3467,2020-07-12 09:31:41,23.85714285714286,23.431818181818187,76.66666666666669,13.75,29.166666666666675,22.418604651162802,138.01176470588234,451.89197860962565,6.545454545454545,0.0,334.1101604278075
3468,2020-07-12 09:31:42,60.357142857142854,27.045454545454543,96.42857142857143,4.78125,4.500000000000001,27.045454545454575,0.0,164.84088620342396,0.0,0.0,0.0
3469,2020-07-12 09:31:43,75.76923076923077,95.5555555555556,91.66666666666667,,,56.07142857142855,0.0,422.46946946946946,0.0,0.0,155.93193193193193
3470,2020-07-12 09:31:44,28.684210526315788,28.611111111111093,213.57142857142858,61.66666666666667,4.500000000000001,21.975409836065577,290.3823823823824,500.61961961961964,0.0,0.0,0.0
3471,2020-07-12 09:31:45,80.50000000000001,53.888888888888864,87.50000000000003,71.66666666666669,57.50000000000001,35.46875000000001,121.36963036963039,493.24375624375625,0.0,0.0,787.6323676323677
3472,2020-07-12 09:31:46,40.31249999999999,50.0,129.9999999999999,7.9999999999999885,4.5,44.31818181818182,0.7231897341888176,308.50229147571036,0.18790100824931255,0.0,48.67461044912924
3473,2020-07-12 09:31:47,46.21951219512195,32.72727272727273,84.99999999999999,,,40.0,77.5049504950495,312.83938393839384,0.0,0.0,0.0
3474,2020-07-12 09:31:48,23.063636363636363,93.63636363636357,232.2727272727273,86.66666666666667,73.33333333333336,30.666666666666647,39.43256743256743,537.964035964036,0.0,39.86013986013986,0.0
3475,2020-07-12 09:31:49,35.62500000000007,22.97222222222223,189.99999999999994,4.695652173913044,60.00000000000001,41.12068965517245,0.0,397.562124248497,0.0,0.0,0.0
3476,2020-07-12 09:31:50,106.24999999999983,35.55555555555558,87.50000000000003,22.000000000000014,45.00000000000002,23.355769230769234,0.0,569.3596403596405,0.0,0.0,0.0
3477,2020-07-12 09:31:51,116.15384615384622,43.06818181818182,115.00000000000004,,,41.14583333333334,174.32,317.169,9.42,0.0,373.662
3478,2020-07-12 09:31:52,44.23076923076921,56.666666666666664,231.25,38.0,69.99999999999999,23.520270270270277,0.0,548.2377622377624,0.0,0.0,0.0
3479,2020-07-12 09:31:53,31.78571428571432,22.3,49.6875,80.0,4.500000000000001,25.90909090909092,0.0,479.62224448897797,0.0,0.0,186.83466933867737
3480,2020-07-12 09:31:54,23.576271186440678,21.863636363636363,228.8235294117647,,,42.129629629629626,276.3227408142999,237.53823237338634,0.0,0.0,0.0
3481,2020-07-12 09:31:55,41.24999999999995,87.4,212.5,40.833333333333336,21.200000000000003,41.217948717948715,149.2635814889336,444.17002012072436,0.0,0.0,746.5382293762575
3482,2020-07-12 09:31:56,23.354166666666668,26.973684210526315,85.00000000000001,14.499999999999998,4.500000000000001,73.50000000000003,3.488,531.469,0.205,0.0,34.117
3483,2020-07-12 09:31:57,62.38095238095235,23.97368421052632,212.49999999999997,62.50000000000003,81.25000000000001,33.500000000000014,90.24750499001996,379.4071856287425,0.0,0.0,0.0
3484,2020-07-12 09:31:58,23.29545454545455,23.349999999999998,114.99999999999997,4.5,49.999999999999964,32.33333333333333,136.32606541129834,510.85629335976216,0.0,41.91674925668979,62.33994053518335
3485,2020-07-12 09:31:59,19.958333333333332,27.656250000000004,87.85714285714286,4.500000000000001,5.000000000000018,35.87837837837837,0.0,180.94635627530363,0.0,0.0,0.0
3486,2020-07-12 09:32:00,33.5,23.920000000000012,98.57142857142858,25.000000000000046,75.00000000000001,20.937499999999996,0.0,545.415597235933,0.0,0.0,0.0
3487,2020-07-12 09:32:01,42.333333333333336,49.83870967741935,73.33333333333333,,,44.73684210526316,194.62638469284994,479.43504531722056,9.305135951661633,0.0,470.97683786505536
3488,2020-07-12 09:32:02,73.25000000000001,40.5357142857143,228.75000000000003,4.500000000000001,4.500000000000001,24.840425531914885,0.0,558.9403578528827,0.0,0.0,0.0
3489,2020-07-12 09:32:03,24.91304347826087,30.340909090909104,210.00000000000003,46.25,37.50000000000001,23.285714285714278,0.0,480.1203235591507,0.0,0.0,162.79373104145603
3490,2020-07-12 09:32:04,29.531250000000007,24.740384615384617,81.99999999999999,4.500000000000001,4.973684210526317,34.553571428571445,256.883,500.536,0.0,0.0,0.0
3491,2020-07-12 09:32:05,34.06250000000002,50.62500000000006,170.00000000000003,42.08333333333334,4.500000000000001,44.166666666666686,132.528,517.699,0.0,0.0,765.899
3492,2020-07-12 09:32:06,49.23076923076926,74.28571428571429,202.0,4.725,23.499999999999996,24.500000000000007,0.0,494.899100899101,0.20479520479520483,0.0,3.0339660339660344
3493,2020-07-12 09:32:07,37.67857142857142,57.69230769230772,70.0,,,74.1666666666667,57.13432835820896,490.2029850746269,0.0,0.0,0.0
3494,2020-07-12 09:32:08,43.23170731707318,128.74999999999994,211.00000000000003,18.25000000000001,4.500000000000001,44.0,72.81455633100698,450.6869391824527,0.0,42.69790628115654,107.26021934197409
3495,2020-07-12 09:32:09,161.07142857142864,24.17741935483871,95.00000000000001,64.99999999999997,4.973684210526315,47.5,0.0,380.85555555555555,0.0,0.0,0.0
3496,2020-07-12 09:32:10,47.5,45.62500000000001,,,,34.99999999999999,0.0,0.0,0.0,0.0,0.0
3497,2020-07-12 09:32:11,93.75,9.500000000000002,,,,94.16666666666667,116.66369047619047,3.2886904761904763,8.392857142857142,0.0,427.0882936507937
3498,2020-07-12 09:32:12,,,,,,,0.0,0.0,0.0,0.0,0.0
3499,2020-07-12 09:32:13,,,,,,,0.0,0.0,0.0,0.0,142.648
3500,2020-07-12 09:32:14,23.5,22.750000000000004,,,,23.5,201.824,3.315,0.0,0.0,0.0
3501,2020-07-12 09:32:15,63.75,47.5,,,,47.5,78.85385385385385,66.36636636636636,0.0,0.0,358.2832832832833
3502,2020-07-12 09:32:16,,,,,,,0.0,0.0,0.20479520479520483,0.0,23.119880119880122
3503,2020-07-12 09:32:17,93.33333333333334,9.500000000000002,,,,46.34615384615385,22.548,0.0,0.0,0.0,0.0
3504,2020-07-12 09:32:18,95.0,,235.00000000000003,4.500000000000001,4.500000000000001,234.18918918918922,7.801,0.0,0.0,7.448,4.771
3505,2020-07-12 09:32:19,47.5,9.500000000000002,,,,93.12500000000001,0.0,0.0,0.0,0.0,0.0
3506,2020-07-12 09:32:20,93.63636363636364,47.5,95.0,4.500000000000001,4.500000000000001,89.28571428571429,0.0,40.707,0.0,0.0,0.0
3507,2020-07-12 09:32:21,227.29729729729732,22.5,400.00000000000006,,,205.00000000000003,0.0,16.59159159159159,0.12012012012012012,0.0,39.354354354354356
3508,2020-07-12 09:32:22,97.85714285714286,,,80.00000000000001,84.00000000000001,60.00000000000001,19.939060939060944,0.0,0.0,0.0,0.0
3509,2020-07-12 09:32:23,231.0,16.000000000000007,47.5,4.500000000000001,4.500000000000001,47.00000000000001,0.0,44.752,0.0,0.0,19.292
3510,2020-07-12 09:32:24,205.00000000000003,92.00000000000001,95.0,,,191.79999999999998,44.215,20.124,0.0,0.0,0.0
3511,2020-07-12 09:32:25,139.54545454545465,63.46153846153846,226.25,8.625,6.333333333333335,98.75000000000001,30.808,340.661,0.0,0.0,154.682
3512,2020-07-12 09:32:26,44.481132075471706,23.88942307692308,160.00000000000006,,,50.833333333333364,15.598814229249012,459.87154150197625,0.2025691699604743,0.0,23.0800395256917
3513,2020-07-12 09:32:27,33.749999999999986,58.823529411764724,66.6666666666667,4.500000000000001,69.99999999999999,25.147058823529406,20.81661600810537,349.57750759878417,0.0,0.0,0.0
3514,2020-07-12 09:32:28,36.42857142857144,23.596774193548384,159.99999999999994,13.999999999999995,4.500000000000001,63.80952380952376,36.00790513833992,674.2213438735179,0.0,16.033596837944664,78.6195652173913
3515,2020-07-12 09:32:29,37.833333333333314,22.467213114754102,84.99999999999999,4.500000000000001,5.500000000000005,31.250000000000014,0.0,444.4048096192385,0.0,0.0,0.0
3516,2020-07-12 09:32:30,35.95238095238094,23.833333333333332,195.00000000000003,85.00000000000001,4.500000000000001,36.15384615384615,0.0,430.1748743718593,0.0,0.0,0.0
3517,2020-07-12 09:32:31,23.933734939759038,49.04761904761907,155.00000000000003,,,24.637931034482758,0.0,520.4600197433366,7.04837117472853,0.007897334649555776,157.50937808489635
3518,2020-07-12 09:32:32,35.50000000000002,31.33333333333334,90.00000000000001,4.500000000000001,4.500000000000001,27.727272727272748,77.68565615462869,407.22787385554426,0.0,0.0,0.0
3519,2020-07-12 09:32:33,30.312500000000004,71.66666666666669,96.33333333333334,85.0,4.973684210526317,45.00000000000003,0.0,0.0,0.0,0.0,105.74554455445544
3520,2020-07-12 09:32:34,23.5375,83.33333333333331,221.49999999999997,88.125,52.5,40.0,157.732052578362,627.0990899898889,0.0,0.0,0.0
3521,2020-07-12 09:32:35,23.25510204081633,21.454545454545457,154.99999999999994,4.5,64.99999999999999,23.9264705882353,253.53537936913895,492.8618925831202,0.0,0.0,686.0971867007672
3522,2020-07-12 09:32:36,88.84615384615385,208.50000000000003,45.00000000000001,,,145.0,0.0,104.22007255139057,0.2478839177750907,0.0,92.89842805320437
3523,2020-07-12 09:32:37,,,,,,,126.71526418786692,25.949119373776906,0.0,0.0,0.0
3524,2020-07-12 09:32:38,221.056338028169,87.17391304347827,235.00000000000003,88.88888888888889,9.285714285714286,43.71323529411765,17.173,142.14,0.0,36.974,152.641
3525,2020-07-12 09:32:39,216.25,47.67857142857143,452.77777777777777,,,98.33333333333333,0.0,414.8474059003052,0.0,0.0,0.0
3526,2020-07-12 09:32:40,158.49999999999997,81.11111111111111,,,,173.33333333333334,0.0,0.0,0.0,0.0,0.0
3527,2020-07-12 09:32:41,215.86206896551724,128.23529411764707,200.0,4.7368421052631575,37.50000000000001,127.27272727272728,0.0,246.484,6.24,0.0,243.098
3528,2020-07-12 09:32:42,47.6388888888889,121.0000000000001,95.0,,,76.6,50.177,378.365,0.0,0.0,0.0
3529,2020-07-12 09:32:43,24.513513513513516,114.99999999999996,197.5,4.500000000000001,4.500000000000001,47.28260869565217,0.0,651.5495495495496,0.0,0.0,121.38038038038037
3530,2020-07-12 09:32:44,44.264705882352956,82.96296296296296,211.00000000000003,34.16666666666668,52.50000000000004,137.99999999999997,139.802,555.73,0.0,0.0,0.0
3531,2020-07-12 09:32:45,38.4090909090909,42.27272727272725,232.50000000000003,91.25,4.500000000000001,59.61538461538462,173.92842942345925,368.7534791252485,0.0,0.0,498.07157057654075
3532,2020-07-12 09:32:46,31.842105263157908,26.5625,47.361111111111114,88.33333333333333,78.33333333333336,46.02564102564101,31.489695780176646,540.7438665358195,0.2011776251226693,0.0,43.966633954857706
3533,2020-07-12 09:32:47,23.84931506849316,70.90909090909095,130.00000000000009,4.75,4.500000000000001,57.61904761904762,68.87132725430597,475.47315096251265,0.0,0.0,0.0
3534,2020-07-12 09:32:48,24.100000000000005,19.87931034482758,190.00000000000006,41.25,8.25,36.875,79.71153846153847,552.3471659919028,0.0,32.30769230769231,155.42712550607288
3535,2020-07-12 09:32:49,24.909638554216876,22.441176470588236,159.99999999999997,52.50000000000002,4.5,26.40625000000003,0.0,284.3346653346654,0.0,0.0,0.0
3536,2020-07-12 09:32:50,28.863636363636363,25.681818181818194,91.66666666666667,4.78125,4.821428571428572,23.40769230769231,0.0,705.9042871385843,0.0,0.0,0.0
3537,2020-07-12 09:32:51,45.760869565217426,26.904761904761898,215.5,4.500000000000001,84.375,24.857142857142854,0.0,0.0,9.391824526420738,0.0,172.2392821535394
3538,2020-07-12 09:32:52,23.9875,24.0,114.99999999999994,,,55.714285714285744,209.485,483.883,0.0,0.0,0.0
3539,2020-07-12 09:32:53,37.12962962962965,42.40740740740742,219.99999999999997,82.49999999999999,65.0,23.35,0.0,515.479879275654,0.0,0.0,291.63883299798795
3540,2020-07-12 09:32:54,33.90625000000001,58.00000000000002,95.00000000000003,26.25000000000002,11.500000000000023,22.724137931034488,163.766,475.087,0.0,0.0,0.0
3541,2020-07-12 09:32:55,35.90909090909092,62.749999999999986,92.50000000000001,6.500000000000004,6.500000000000004,41.451612903225815,148.692,524.642,0.0,0.0,969.776
3542,2020-07-12 09:32:56,23.23684210526316,35.76923076923079,45.96153846153847,4.725,4.500000000000001,22.590163934426233,43.095,431.679,0.205,0.0,26.95
3543,2020-07-12 09:32:57,36.19565217391307,39.357142857142854,195.00000000000006,35.0,71.66666666666669,24.882352941176475,133.02376237623764,462.4227722772277,0.0,0.0,0.0
3544,2020-07-12 09:32:58,23.388888888888893,42.06896551724136,119.99999999999999,4.500000000000001,42.49999999999999,24.413043478260875,85.43988269794723,458.32062561094824,0.0,42.64320625610949,121.13782991202348
3545,2020-07-12 09:32:59,31.875,92.55555555555556,175.0,4.5,36.25000000000001,38.333333333333385,0.0,502.6424180327869,0.0,0.0,0.0
3546,2020-07-12 09:33:00,59.374999999999986,51.818181818181806,85.83333333333333,4.875,45.00000000000001,23.500000000000004,0.0,522.6377396569122,0.0,0.0,0.0
3547,2020-07-12 09:33:01,42.857142857142854,40.833333333333336,87.50000000000001,22.0,4.500000000000001,45.258620689655196,0.0,335.46047430830043,9.24901185770751,0.0,39.555335968379445
3548,2020-07-12 09:33:02,22.236842105263158,23.835526315789476,175.00000000000006,23.875,4.500000000000001,31.764705882352953,173.39823008849558,558.0157325467061,0.0,0.0,0.0
3549,2020-07-12 09:33:03,84.75,37.85714285714286,217.85714285714286,8.2,40.99999999999999,24.445652173913043,0.0,474.249227600412,0.0,0.0,356.3769309989702
3550,2020-07-12 09:33:04,160.0000000000001,28.690476190476197,205.00000000000003,4.714285714285714,78.00000000000001,21.045454545454547,182.6996996996997,0.0,0.0,0.0,0.0
3551,2020-07-12 09:33:05,45.3571428571429,24.54464285714286,209.2857142857143,54.99999999999995,77.5,22.631578947368425,212.12687312687316,571.4195804195805,0.0,0.0,832.0229770229771
3552,2020-07-12 09:33:06,26.041666666666657,86.0,209.28571428571436,4.500000000000001,80.0,23.730769230769237,6.109452736318409,404.10447761194035,0.20398009950248758,0.0,22.843781094527365
3553,2020-07-12 09:33:07,42.99999999999997,36.37500000000001,91.66666666666667,20.500000000000004,4.500000000000001,22.357142857142854,79.26159921026655,398.2852912142152,0.0,0.0,0.0
3554,2020-07-12 09:33:08,22.467213114754095,22.52173913043478,100.0,4.500000000000001,63.33333333333335,23.289062500000004,129.07833163784335,435.7456765005087,0.0,43.29603255340794,21.276703967446593
3555,2020-07-12 09:33:09,22.890624999999996,21.366666666666667,45.9375,4.846153846153846,7.9999999999999964,21.999999999999996,0.0,357.1241310824231,0.0,0.0,0.0
3556,2020-07-12 09:33:10,53.92857142857144,181.1363636363637,89.0,4.5,86.66666666666667,140.83333333333343,0.0,495.6260080645161,0.0,0.0,0.0
3557,2020-07-12 09:33:11,43.80952380952381,40.937500000000014,224.0909090909091,42.142857142857146,68.75000000000003,39.80000000000002,0.0,417.3549019607843,9.117647058823529,0.0,514.1382352941176
3558,2020-07-12 09:33:12,41.42045454545455,31.124999999999993,48.92857142857143,4.5,75.00000000000001,39.224137931034484,251.4118246687054,409.34760448521916,0.0,0.0,0.0
3559,2020-07-12 09:33:13,76.19047619047622,36.190476190476204,200.0,,,49.565217391304344,0.0,399.5501002004008,0.0,0.0,298.749498997996
3560,2020-07-12 09:33:14,64.09090909090912,85.00000000000001,233.125,71.25,85.00000000000001,24.34782608695652,107.776,434.315,0.0,0.0,0.0
3561,2020-07-12 09:33:15,70.00000000000006,201.25000000000003,175.00000000000009,4.500000000000001,60.00000000000006,62.50000000000003,191.45354645354647,26.493506493506494,0.0,0.0,635.2787212787214
3562,2020-07-12 09:33:16,22.000000000000004,,,4.500000000000001,4.500000000000001,23.5,72.466,0.0,0.205,0.0,82.955
3563,2020-07-12 09:33:17,92.14285714285715,216.66666666666669,,,,220.0,38.928,73.765,0.0,0.0,0.0
3564,2020-07-12 09:33:18,94.82142857142858,9.500000000000002,,,,95.0,28.688,0.0,0.0,30.324,0.0
3565,2020-07-12 09:33:19,,,,,,,0.0,0.0,0.0,0.0,0.0
3566,2020-07-12 09:33:20,22.000000000000007,9.000000000000002,47.5,4.500000000000001,4.500000000000001,41.66666666666667,0.0,0.0,0.0,0.0,0.0
3567,2020-07-12 09:33:21,231.66666666666666,92.50000000000001,,,,95.0,0.0,3.315,4.02,0.0,190.981
3568,2020-07-12 09:33:22,47.22222222222223,42.49999999999999,95.0,4.500000000000001,4.500000000000001,62.5,85.25025025025025,3.318318318318318,0.0,0.0,0.0
3569,2020-07-12 09:33:23,228.63636363636363,90.00000000000001,235.00000000000003,,,230.0,0.0,0.0,0.0,0.0,73.333
3570,2020-07-12 09:33:24,22.6,,,4.500000000000001,92.00000000000001,24.66666666666667,35.998,13.26,0.0,0.0,0.0
3571,2020-07-12 09:33:25,92.91666666666667,9.250000000000002,,,,88.33333333333333,39.321,58.443,0.0,0.0,88.847
3572,2020-07-12 09:33:26,94.64285714285715,93.33333333333334,95.0,4.500000000000001,4.500000000000001,91.07142857142858,7.967,46.41,0.205,0.0,7.398
3573,2020-07-12 09:33:27,233.0,90.00000000000001,475.0,4.500000000000001,95.0,94.04761904761905,5.175,37.47,0.0,0.0,0.0
3574,2020-07-12 09:33:28,141.25000000000003,24.583333333333332,175.0,,,88.03030303030305,8.113,6.63,0.0,3.724,0.0
3575,2020-07-12 09:33:29,193.91304347826087,49.791666666666686,225.76923076923077,41.87500000000001,8.000000000000002,44.16666666666667,0.0,197.77877877877876,0.0,0.0,0.0
3576,2020-07-12 09:33:30,73.46153846153844,81.00000000000001,91.25,4.500000000000001,6.499999999999999,49.3421052631579,0.0,366.423,0.0,0.0,0.0
3577,2020-07-12 09:33:31,49.673913043478265,72.00000000000001,171.25,,,75.41666666666667,0.0,451.914597815293,3.1578947368421053,0.00794438927507448,112.31578947368423
3578,2020-07-12 09:33:32,34.166666666666735,25.576923076923098,182.50000000000006,29.999999999999993,4.68,36.42857142857143,44.608695652173914,535.407114624506,0.0,0.0,0.0
3579,2020-07-12 09:33:33,23.647540983606557,29.66666666666669,100.0,4.846153846153847,4.500000000000001,34.55882352941177,0.0,522.32418699187,0.0,0.0,120.57825203252033
3580,2020-07-12 09:33:34,22.761538461538464,48.88888888888889,94.28571428571428,26.666666666666643,35.99999999999999,42.7857142857143,100.63419483101391,489.05367793240555,0.0,0.0,0.0
3581,2020-07-12 09:33:35,30.526315789473664,41.357142857142854,223.75000000000003,,,54.6428571428572,159.1945564516129,486.19354838709677,0.0,0.0,578.2328629032259
3582,2020-07-12 09:33:36,22.593023255813957,21.52941176470588,227.5,4.909090909090909,88.0,32.5,51.393410852713174,434.32945736434107,0.19864341085271317,0.0,2.7839147286821704
3583,2020-07-12 09:33:37,24.999999999999993,26.346153846153836,115.0,37.50000000000001,70.0,45.859374999999986,82.7234262125903,243.95768833849328,0.0,0.0,0.0
3584,2020-07-12 09:33:38,23.589552238805975,75.86956521739133,100.0,4.500000000000001,73.33333333333336,23.84883720930233,3.9008832188420026,456.7890088321884,0.0,38.633954857703635,79.97350343473995
3585,2020-07-12 09:33:39,46.18421052631578,24.940000000000005,64.99999999999999,4.500000000000001,4.500000000000001,23.918269230769237,0.0,513.6125760649087,0.0,0.0,0.0
3586,2020-07-12 09:33:40,44.400000000000006,183.57142857142856,92.72727272727275,4.500000000000001,4.500000000000001,42.49999999999986,0.0,252.19680319680322,0.0,0.0,0.0
3587,2020-07-12 09:33:41,19.750000000000004,22.875000000000004,,,,21.25,0.0,0.0,9.06344410876133,0.0,270.8267875125881
3588,2020-07-12 09:33:42,23.80882352941177,94.2,,,,46.36363636363637,151.932,156.731,0.0,0.0,0.0
3589,2020-07-12 09:33:43,227.012987012987,130.00000000000009,235.00000000000003,83.0,78.75000000000001,182.8947368421052,0.0,29.441929133858267,0.0,0.0,292.4498031496063
3590,2020-07-12 09:33:44,47.5,42.352941176470594,233.92857142857142,4.500000000000001,70.00000000000001,48.61111111111112,130.24059405940594,263.25841584158417,0.0,0.0,0.0
3591,2020-07-12 09:33:45,65.0,203.12500000000006,205.00000000000003,4.5,80.00000000000001,121.92307692307698,196.76844262295083,0.0,0.0,0.0,599.092213114754
3592,2020-07-12 09:33:46,89.11764705882352,99.43396226415095,220.0,4.500000000000001,77.5,209.12500000000006,71.015,359.463,0.205,0.0,11.656
3593,2020-07-12 09:33:47,88.57142857142864,68.5416666666667,91.53846153846155,18.1,17.5,43.557692307692314,59.831831831831835,350.008008008008,0.0,0.0,0.0
3594,2020-07-12 09:33:48,30.681818181818183,21.516129032258068,165.00000000000003,43.92857142857144,80.0,53.333333333333385,42.252,523.663,0.0,27.132,33.118
3595,2020-07-12 09:33:49,46.79824561403509,44.14285714285714,55.00000000000001,,,44.7972972972973,0.0,568.3183183183183,0.0,0.0,0.0
3596,2020-07-12 09:33:50,24.414634146341463,44.375000000000014,214.0,4.500000000000001,4.500000000000001,23.73376623376624,0.0,338.33633633633633,0.0,0.0,0.0
3597,2020-07-12 09:33:51,39.886363636363626,24.012195121951223,165.00000000000003,4.500000000000001,45.00000000000006,45.5,0.0,591.1848151848152,6.593406593406594,0.0,150.64735264735268
3598,2020-07-12 09:33:52,23.67910447761195,19.162162162162165,48.125,4.500000000000001,4.764705882352942,23.54615384615385,60.53174603174603,460.6607142857143,0.0,0.0,0.0
3599,2020-07-12 09:33:53,23.500000000000007,23.33695652173913,88.33333333333337,35.000000000000036,4.714285714285715,25.178571428571445,0.0,505.6192384769539,0.0,0.0,207.30861723446893
3600,2020-07-12 09:33:54,23.8,95.90909090909089,204.99999999999997,4.500000000000001,70.00000000000003,24.75,184.0264705882353,475.4323529411764,0.0,0.0,0.0
